010()000377777777777771020718;,569                                                  
;)0240051310000002                                                                  
;030,14,00000000000000000,020718,280618,,,,9998         ,,                          
;0400000000000316,40001000,,,,02 000000,,                                           
;0400000000001361,40001000,,,,02 000000,,                                           
;0400000000000420,40001000,,,,02 000000,,                                           
;0400000000001160,40003000,,,,02 000000,,                                           
;0400000000000243,40003000,,,,02 000000,,                                           
;0400000000000282,40003000,,,,02 000000,,                                           
;0400000000000379,40001000,,,,02 000000,,                                           
;0400000000000385,40001000,,,,02 000000,,                                           
;0400000000000362,40001000,,,,02 000000,,                                           
;0400000000000443,40001000,,,,02 000000,,                                           
;0400000000000447,40001000,,,,02 000000,,                                           
;0400000000000233,40010000,,,,02 000000,,                                           
;0400000000000235,40006000,,,,02 000000,,                                           
;0400000000007410,40003000,,,,02 000000,,                                           
;0400000000004012,40001000,,,,02 000000,,                                           
;0400000000000532,40001000,,,,02 000000,,                                           
;0400000000000537,40003000,,,,02 000000,,                                           
;0400000000000539,40002000,,,,02 000000,,                                           
;0400000000000597,40001000,,,,02 000000,,                                           
;0400000000003594,40001000,,,,02 000000,,                                           
;0400000000003637,40001000,,,,02 000000,,                                           
;0400000000003731,40001000,,,,02 000000,,                                           
;0400000000003774,40001000,,,,02 000000,,                                           
;0400000000030526,40003000,,,,02 000000,,                                           
;0400000000083605,40001000,,,,02 000000,,                                           
;05000000052000                                                                     
;061,25                                                                             
;07000000,00001,00001,000000,(                                                      
                                                                                    
