010()000377777777777771180705;,241
;)0240051310000002
;030,14,00000000000000000,180705,180706,,,,3789         ,,
;0400000000000317,40002000,,,,02 000000,,
;0400000000001360,40002000,,,,02 000000,,
;0400000000001361,40001000,,,,02 000000,,
;0400000000000420,40005000,,,,02 000000,,
;0400000000001111,40002000,,,,02 000000,,
;0400000000001160,40004000,,,,02 000000,,
;0400000000000241,40005000,,,,02 000000,,
;0400000000000243,40005000,,,,02 000000,,
;0400000000000252,40003000,,,,02 000000,,
;0400000000000367,40001000,,,,02 000000,,
;0400000000000378,40001000,,,,02 000000,,
;0400000000000381,40002000,,,,02 000000,,
;0400000000000385,40001000,,,,02 000000,,
;0400000000000443,40001000,,,,02 000000,,
;0400000000000447,40001000,,,,02 000000,,
;0400000000004036,40001000,,,,02 000000,,
;0400000000004058,40001000,,,,02 000000,,
;0400000000004023,40001000,,,,02 000000,,
;05000000039000
;030,14,00000000000000000,180705,180706,,,,9174         ,,
;0400000000011308,40001000,,,,02 000000,,
;0400000000011929,40001000,,,,02 000000,,
;0400000000014282,40001000,,,,02 000000,,
;0400000000014283,40001000,,,,02 000000,,
;05000000004000
;030,14,00000000000000000,180705,180706,,,,3785         ,,
;0400000000001360,40001000,,,,02 000000,,
;0400000000001361,40001000,,,,02 000000,,
;0400000000000420,40006000,,,,02 000000,,
;0400000000001160,40005000,,,,02 000000,,
;0400000000000241,40004000,,,,02 000000,,
;0400000000000243,40004000,,,,02 000000,,
;0400000000000244,40004000,,,,02 000000,,
;0400000000000252,40003000,,,,02 000000,,
;0400000000000367,40001000,,,,02 000000,,
;0400000000000378,40001000,,,,02 000000,,
;0400000000000381,40001000,,,,02 000000,,
;0400000000000385,40002000,,,,02 000000,,
;0400000000000443,40001000,,,,02 000000,,
;0400000000000447,40001000,,,,02 000000,,
;0400000000004012,40001000,,,,02 000000,,
;0400000000004036,40001000,,,,02 000000,,
;05000000037000
;030,14,00000000000000000,180705,180706,,,,3777         ,,
;0400000000000317,40004000,,,,02 000000,,
;0400000000000318,40001000,,,,02 000000,,
;0400000000001360,40002000,,,,02 000000,,
;0400000000001361,40001000,,,,02 000000,,
;0400000000000420,40008000,,,,02 000000,,
;0400000000001111,40003000,,,,02 000000,,
;0400000000001160,40006000,,,,02 000000,,
;0400000000000241,40006000,,,,02 000000,,
;0400000000000243,40006000,,,,02 000000,,
;0400000000000252,40004000,,,,02 000000,,
;0400000000000367,40001000,,,,02 000000,,
;0400000000000378,40001000,,,,02 000000,,
;0400000000000381,40001000,,,,02 000000,,
;0400000000000385,40002000,,,,02 000000,,
;0400000000000443,40004000,,,,02 000000,,
;0400000000000447,40004000,,,,02 000000,,
;0400000000004012,40001000,,,,02 000000,,
;0400000000004023,40001000,,,,02 000000,,
;0400000000004047,40001000,,,,02 000000,,
;05000000057000
;030,14,00000000000000000,180705,180706,,,,3775         ,,
;0400000000000318,40001000,,,,02 000000,,
;0400000000000420,40003000,,,,02 000000,,
;0400000000000241,40002000,,,,02 000000,,
;0400000000000243,40002000,,,,02 000000,,
;0400000000000244,40002000,,,,02 000000,,
;0400000000000252,40008000,,,,02 000000,,
;0400000000000378,40001000,,,,02 000000,,
;0400000000000381,40001000,,,,02 000000,,
;0400000000000385,40001000,,,,02 000000,,
;0400000000000443,40001000,,,,02 000000,,
;0400000000000447,40002000,,,,02 000000,,
;0400000000004023,40001000,,,,02 000000,,
;05000000025000
;030,14,00000000000000000,180705,180706,,,,9159         ,,
;0400000000010166,40001000,,,,02 000000,,
;0400000000011117,40005000,,,,02 000000,,
;05000000006000
;030,14,00000000000000000,180705,180706,,,,3753         ,,
;0400000000000317,40001000,,,,02 000000,,
;0400000000001360,40001000,,,,02 000000,,
;0400000000000420,40002000,,,,02 000000,,
;0400000000001160,40004000,,,,02 000000,,
;0400000000000241,40004000,,,,02 000000,,
;0400000000000243,40004000,,,,02 000000,,
;0400000000000244,40004000,,,,02 000000,,
;0400000000000252,40010000,,,,02 000000,,
;0400000000000367,40002000,,,,02 000000,,
;0400000000000385,40001000,,,,02 000000,,
;0400000000000447,40002000,,,,02 000000,,
;0400000000004012,40001000,,,,02 000000,,
;0400000000004023,40001000,,,,02 000000,,
;05000000037000
;030,14,00000000000000000,180705,180706,,,,9102         ,,
;0400000000010205,40004000,,,,02 000000,,
;0400000000010540,40001000,,,,02 000000,,
;0400000000011117,40004000,,,,02 000000,,
;0400000000011166,40001000,,,,02 000000,,
;0400000000011308,40001000,,,,02 000000,,
;0400000000011354,40004000,,,,02 000000,,
;0400000000011820,40001000,,,,02 000000,,
;0400000000011922,40001000,,,,02 000000,,
;0400000000011929,40001000,,,,02 000000,,
;0400000000011932,40001000,,,,02 000000,,
;0400000000014282,40001000,,,,02 000000,,
;05000000020000
;030,14,00000000000000000,180705,180706,,,,1613         ,,
;0400000000000317,40002000,,,,02 000000,,
;0400000000000338,40001000,,,,02 000000,,
;0400000000001360,40001000,,,,02 000000,,
;0400000000000420,40006000,,,,02 000000,,
;0400000000001111,40005000,,,,02 000000,,
;0400000000000241,40006000,,,,02 000000,,
;0400000000000243,40005000,,,,02 000000,,
;0400000000000244,40004000,,,,02 000000,,
;0400000000000252,40005000,,,,02 000000,,
;0400000000000367,40001000,,,,02 000000,,
;0400000000000378,40004000,,,,02 000000,,
;0400000000000381,40003000,,,,02 000000,,
;0400000000000385,40004000,,,,02 000000,,
;0400000000000443,40001000,,,,02 000000,,
;0400000000000447,40001000,,,,02 000000,,
;0400000000004012,40001000,,,,02 000000,,
;0400000000004036,40001000,,,,02 000000,,
;0400000000004058,40001000,,,,02 000000,,
;0400000000004023,40001000,,,,02 000000,,
;0400000000004047,40001000,,,,02 000000,,
;05000000054000
;030,14,00000000000000000,180705,180706,,,,9165         ,,
;0400000000011415,40002000,,,,02 000000,,
;0400000000011922,40001000,,,,02 000000,,
;05000000003000
;030,14,00000000000000000,180705,180706,,,,3763         ,,
;0400000000000317,40001000,,,,02 000000,,
;0400000000000420,40002000,,,,02 000000,,
;0400000000001160,40002000,,,,02 000000,,
;0400000000000241,40002000,,,,02 000000,,
;0400000000000243,40002000,,,,02 000000,,
;0400000000000244,40002000,,,,02 000000,,
;0400000000000252,40005000,,,,02 000000,,
;0400000000000378,40001000,,,,02 000000,,
;0400000000000381,40001000,,,,02 000000,,
;0400000000000385,40001000,,,,02 000000,,
;0400000000004012,40001000,,,,02 000000,,
;05000000020000
;030,14,00000000000000000,180705,180706,,,,9104         ,,
;0400000000010205,40010000,,,,02 000000,,
;0400000000010246,40004000,,,,02 000000,,
;0400000000010251,40005000,,,,02 000000,,
;0400000000010252,40001000,,,,02 000000,,
;0400000000010345,40004000,,,,02 000000,,
;0400000000010501,40002000,,,,02 000000,,
;0400000000010539,40001000,,,,02 000000,,
;0400000000010540,40001000,,,,02 000000,,
;0400000000010845,40002000,,,,02 000000,,
;0400000000011117,40012000,,,,02 000000,,
;0400000000011125,40002000,,,,02 000000,,
;0400000000011308,40006000,,,,02 000000,,
;0400000000011658,40004000,,,,02 000000,,
;0400000000011675,40001000,,,,02 000000,,
;0400000000011820,40002000,,,,02 000000,,
;0400000000011922,40004000,,,,02 000000,,
;0400000000011926,40003000,,,,02 000000,,
;0400000000011928,40004000,,,,02 000000,,
;0400000000011929,40003000,,,,02 000000,,
;0400000000011988,40001000,,,,02 000000,,
;0400000000011997,40010000,,,,02 000000,,
;0400000000012034,40002000,,,,02 000000,,
;0400000000012049,40005000,,,,02 000000,,
;0400000000012968,40001000,,,,02 000000,,
;05000000090000
;030,14,00000000000000000,180705,180706,,,,1635         ,,
;0400000000000318,40001000,,,,02 000000,,
;0400000000000338,40001000,,,,02 000000,,
;0400000000000241,40002000,,,,02 000000,,
;0400000000000243,40002000,,,,02 000000,,
;0400000000000244,40002000,,,,02 000000,,
;0400000000000252,40002000,,,,02 000000,,
;0400000000000364,40001000,,,,02 000000,,
;0400000000000378,40002000,,,,02 000000,,
;0400000000000381,40001000,,,,02 000000,,
;0400000000000385,40001000,,,,02 000000,,
;0400000000000443,40001000,,,,02 000000,,
;0400000000000447,40001000,,,,02 000000,,
;0400000000004012,40002000,,,,02 000000,,
;0400000000004023,40001000,,,,02 000000,,
;05000000020000
;030,14,00000000000000000,180705,180706,,,,3857         ,,
;0400000000000241,40002000,,,,02 000000,,
;0400000000000243,40002000,,,,02 000000,,
;0400000000000252,40002000,,,,02 000000,,
;05000000006000
;030,14,00000000000000000,180705,180706,,,,3862         ,,
;0400000000000317,40001000,,,,02 000000,,
;0400000000000318,40001000,,,,02 000000,,
;0400000000000420,40006000,,,,02 000000,,
;0400000000001160,40005000,,,,02 000000,,
;0400000000000241,40004000,,,,02 000000,,
;0400000000000243,40004000,,,,02 000000,,
;0400000000000244,40004000,,,,02 000000,,
;0400000000000252,40006000,,,,02 000000,,
;0400000000000378,40001000,,,,02 000000,,
;0400000000000381,40001000,,,,02 000000,,
;0400000000000443,40002000,,,,02 000000,,
;0400000000000447,40002000,,,,02 000000,,
;0400000000004012,40002000,,,,02 000000,,
;0400000000004036,40001000,,,,02 000000,,
;0400000000004047,40001000,,,,02 000000,,
;05000000041000
;030,14,00000000000000000,180705,180706,,,,9149         ,,
;0400000000010251,40002000,,,,02 000000,,
;0400000000010255,40003000,,,,02 000000,,
;0400000000010345,40001000,,,,02 000000,,
;0400000000010430,40001000,,,,02 000000,,
;0400000000010690,40001000,,,,02 000000,,
;0400000000011308,40002000,,,,02 000000,,
;0400000000011658,40001000,,,,02 000000,,
;0400000000011922,40001000,,,,02 000000,,
;0400000000011925,40001000,,,,02 000000,,
;0400000000011929,40001000,,,,02 000000,,
;0400000000011997,40010000,,,,02 000000,,
;05000000024000
;030,14,00000000000000000,180705,180706,,,,3733         ,,
;0400000000000317,40002000,,,,02 000000,,
;0400000000000420,40005000,,,,02 000000,,
;0400000000001120,40001000,,,,02 000000,,
;0400000000000241,40008000,,,,02 000000,,
;0400000000000243,40008000,,,,02 000000,,
;0400000000000367,40001000,,,,02 000000,,
;0400000000000378,40002000,,,,02 000000,,
;0400000000000385,40003000,,,,02 000000,,
;0400000000004012,40001000,,,,02 000000,,
;05000000031000
;030,14,00000000000000000,180705,180706,,,,9150         ,,
;0400000000010501,40001000,,,,02 000000,,
;0400000000011117,40003000,,,,02 000000,,
;0400000000011125,40001000,,,,02 000000,,
;0400000000011820,40001000,,,,02 000000,,
;0400000000011929,40001000,,,,02 000000,,
;0400000000012049,40002000,,,,02 000000,,
;05000000009000
;030,14,00000000000000000,180705,180706,,,,3735         ,,
;0400000000000317,40002000,,,,02 000000,,
;0400000000000318,40001000,,,,02 000000,,
;0400000000000338,40001000,,,,02 000000,,
;0400000000001360,40002000,,,,02 000000,,
;0400000000001361,40002000,,,,02 000000,,
;0400000000000420,40008000,,,,02 000000,,
;0400000000001160,40010000,,,,02 000000,,
;0400000000000241,40008000,,,,02 000000,,
;0400000000000243,40008000,,,,02 000000,,
;0400000000000244,40008000,,,,02 000000,,
;0400000000000252,40006000,,,,02 000000,,
;0400000000000367,40001000,,,,02 000000,,
;0400000000000378,40003000,,,,02 000000,,
;0400000000000381,40002000,,,,02 000000,,
;0400000000000385,40008000,,,,02 000000,,
;0400000000000443,40003000,,,,02 000000,,
;0400000000000447,40003000,,,,02 000000,,
;0400000000004012,40002000,,,,02 000000,,
;0400000000004036,40001000,,,,02 000000,,
;0400000000004023,40001000,,,,02 000000,,
;0400000000004047,40001000,,,,02 000000,,
;05000000081000
;030,14,00000000000000000,180705,180706,,,,9109         ,,
;0400000000010205,40004000,,,,02 000000,,
;0400000000011117,40004000,,,,02 000000,,
;0400000000011129,40001000,,,,02 000000,,
;0400000000011179,40001000,,,,02 000000,,
;0400000000011308,40001000,,,,02 000000,,
;0400000000011354,40004000,,,,02 000000,,
;0400000000011922,40001000,,,,02 000000,,
;05000000016000
;030,14,00000000000000000,180705,180706,,,,1640         ,,
;0400000000000317,40002000,,,,02 000000,,
;0400000000000318,40001000,,,,02 000000,,
;0400000000001360,40001000,,,,02 000000,,
;0400000000001361,40001000,,,,02 000000,,
;0400000000000420,40003000,,,,02 000000,,
;0400000000001111,40003000,,,,02 000000,,
;0400000000001160,40003000,,,,02 000000,,
;0400000000000241,40003000,,,,02 000000,,
;0400000000000243,40003000,,,,02 000000,,
;0400000000000244,40003000,,,,02 000000,,
;0400000000000252,40010000,,,,02 000000,,
;0400000000000378,40002000,,,,02 000000,,
;0400000000000381,40002000,,,,02 000000,,
;0400000000000385,40001000,,,,02 000000,,
;0400000000004012,40001000,,,,02 000000,,
;0400000000004036,40001000,,,,02 000000,,
;0400000000004023,40002000,,,,02 000000,,
;05000000042000
;030,14,00000000000000000,180705,180706,,,,9151         ,,
;0400000000010205,40001000,,,,02 000000,,
;0400000000010690,40001000,,,,02 000000,,
;0400000000011308,40001000,,,,02 000000,,
;0400000000011929,40001000,,,,02 000000,,
;0400000000012049,40002000,,,,02 000000,,
;05000000006000
;030,14,00000000000000000,180705,180706,,,,3737         ,,
;0400000000000317,40001000,,,,02 000000,,
;0400000000000338,40001000,,,,02 000000,,
;0400000000001360,40002000,,,,02 000000,,
;0400000000001361,40002000,,,,02 000000,,
;0400000000000420,40010000,,,,02 000000,,
;0400000000001160,40006000,,,,02 000000,,
;0400000000000241,40010000,,,,02 000000,,
;0400000000000243,40010000,,,,02 000000,,
;0400000000000244,40006000,,,,02 000000,,
;0400000000000252,40005000,,,,02 000000,,
;0400000000000378,40002000,,,,02 000000,,
;0400000000000381,40001000,,,,02 000000,,
;0400000000000385,40004000,,,,02 000000,,
;0400000000000443,40003000,,,,02 000000,,
;0400000000000447,40003000,,,,02 000000,,
;0400000000004012,40001000,,,,02 000000,,
;0400000000004058,40001000,,,,02 000000,,
;0400000000004023,40001000,,,,02 000000,,
;05000000069000
;030,14,00000000000000000,180705,180706,,,,9110         ,,
;0400000000010345,40001000,,,,02 000000,,
;0400000000011308,40001000,,,,02 000000,,
;05000000002000
;030,14,00000000000000000,180705,180706,,,,1647         ,,
;0400000000000317,40002000,,,,02 000000,,
;0400000000000318,40001000,,,,02 000000,,
;0400000000001360,40001000,,,,02 000000,,
;0400000000001361,40001000,,,,02 000000,,
;0400000000000420,40003000,,,,02 000000,,
;0400000000001160,40004000,,,,02 000000,,
;0400000000000241,40003000,,,,02 000000,,
;0400000000000243,40003000,,,,02 000000,,
;0400000000000244,40002000,,,,02 000000,,
;0400000000000252,40010000,,,,02 000000,,
;0400000000000378,40002000,,,,02 000000,,
;0400000000000381,40002000,,,,02 000000,,
;0400000000000385,40001000,,,,02 000000,,
;0400000000000443,40002000,,,,02 000000,,
;0400000000000447,40002000,,,,02 000000,,
;0400000000004012,40001000,,,,02 000000,,
;0400000000004023,40002000,,,,02 000000,,
;05000000042000
;030,14,00000000000000000,180705,180706,,,,9111         ,,
;0400000000010205,40005000,,,,02 000000,,
;0400000000010246,40002000,,,,02 000000,,
;0400000000010251,40005000,,,,02 000000,,
;0400000000010344,40001000,,,,02 000000,,
;0400000000010345,40006000,,,,02 000000,,
;0400000000010430,40001000,,,,02 000000,,
;0400000000010501,40005000,,,,02 000000,,
;0400000000010540,40004000,,,,02 000000,,
;0400000000010690,40003000,,,,02 000000,,
;0400000000010845,40001000,,,,02 000000,,
;0400000000011100,40001000,,,,02 000000,,
;0400000000011117,40030000,,,,02 000000,,
;0400000000011125,40005000,,,,02 000000,,
;0400000000011308,40005000,,,,02 000000,,
;0400000000011354,40020000,,,,02 000000,,
;0400000000011522,40003000,,,,02 000000,,
;0400000000011524,40002000,,,,02 000000,,
;0400000000011658,40015000,,,,02 000000,,
;0400000000011675,40002000,,,,02 000000,,
;0400000000011922,40010000,,,,02 000000,,
;0400000000011926,40003000,,,,02 000000,,
;0400000000011928,40015000,,,,02 000000,,
;0400000000011929,40010000,,,,02 000000,,
;0400000000012034,40001000,,,,02 000000,,
;0400000000012041,40002000,,,,02 000000,,
;0400000000012631,40001000,,,,02 000000,,
;05000000158000
;030,14,00000000000000000,180705,180706,,,,1650         ,,
;0400000000000317,40001000,,,,02 000000,,
;0400000000000318,40001000,,,,02 000000,,
;0400000000000420,40003000,,,,02 000000,,
;0400000000001160,40005000,,,,02 000000,,
;0400000000000241,40005000,,,,02 000000,,
;0400000000000243,40005000,,,,02 000000,,
;0400000000000244,40005000,,,,02 000000,,
;0400000000000367,40001000,,,,02 000000,,
;0400000000000378,40001000,,,,02 000000,,
;0400000000000381,40001000,,,,02 000000,,
;0400000000000385,40001000,,,,02 000000,,
;05000000029000
;030,14,00000000000000000,180705,180706,,,,9113         ,,
;0400000000010205,40004000,,,,02 000000,,
;0400000000010345,40002000,,,,02 000000,,
;0400000000010687,40004000,,,,02 000000,,
;0400000000011117,40008000,,,,02 000000,,
;0400000000011308,40001000,,,,02 000000,,
;0400000000011354,40003000,,,,02 000000,,
;0400000000011820,40002000,,,,02 000000,,
;0400000000011922,40003000,,,,02 000000,,
;0400000000011929,40002000,,,,02 000000,,
;05000000029000
;030,14,00000000000000000,180705,180706,,,,1655         ,,
;0400000000000317,40002000,,,,02 000000,,
;0400000000000318,40002000,,,,02 000000,,
;0400000000000338,40001000,,,,02 000000,,
;0400000000001360,40002000,,,,02 000000,,
;0400000000001361,40001000,,,,02 000000,,
;0400000000000420,40010000,,,,02 000000,,
;0400000000001120,40001000,,,,02 000000,,
;0400000000001160,40013000,,,,02 000000,,
;0400000000000241,40005000,,,,02 000000,,
;0400000000000243,40004000,,,,02 000000,,
;0400000000000244,40003000,,,,02 000000,,
;0400000000000252,40012000,,,,02 000000,,
;0400000000000367,40002000,,,,02 000000,,
;0400000000000378,40002000,,,,02 000000,,
;0400000000000381,40002000,,,,02 000000,,
;0400000000000385,40001000,,,,02 000000,,
;0400000000004012,40001000,,,,02 000000,,
;0400000000004036,40001000,,,,02 000000,,
;0400000000004023,40001000,,,,02 000000,,
;05000000066000
;030,14,00000000000000000,180705,180706,,,,9153         ,,
;0400000000010205,40006000,,,,02 000000,,
;0400000000010501,40001000,,,,02 000000,,
;0400000000010540,40001000,,,,02 000000,,
;0400000000010687,40004000,,,,02 000000,,
;0400000000010688,40002000,,,,02 000000,,
;0400000000011117,40008000,,,,02 000000,,
;0400000000011125,40001000,,,,02 000000,,
;0400000000011308,40001000,,,,02 000000,,
;0400000000011354,40006000,,,,02 000000,,
;0400000000011922,40002000,,,,02 000000,,
;0400000000011928,40002000,,,,02 000000,,
;0400000000011929,40001000,,,,02 000000,,
;0400000000011932,40001000,,,,02 000000,,
;05000000036000
;030,14,00000000000000000,180705,180706,,,,3741         ,,
;0400000000000317,40002000,,,,02 000000,,
;0400000000000338,40001000,,,,02 000000,,
;0400000000001360,40002000,,,,02 000000,,
;0400000000001361,40001000,,,,02 000000,,
;0400000000000420,40003000,,,,02 000000,,
;0400000000001111,40005000,,,,02 000000,,
;0400000000001160,40004000,,,,02 000000,,
;0400000000000241,40012000,,,,02 000000,,
;0400000000000243,40006000,,,,02 000000,,
;0400000000000244,40007000,,,,02 000000,,
;0400000000000252,40004000,,,,02 000000,,
;0400000000000367,40001000,,,,02 000000,,
;0400000000000378,40002000,,,,02 000000,,
;0400000000000381,40001000,,,,02 000000,,
;0400000000000385,40002000,,,,02 000000,,
;0400000000000447,40001000,,,,02 000000,,
;0400000000004012,40001000,,,,02 000000,,
;0400000000004023,40001000,,,,02 000000,,
;0400000000004047,40001000,,,,02 000000,,
;05000000057000
;030,14,00000000000000000,180705,180706,,,,1665         ,,
;0400000000000318,40001000,,,,02 000000,,
;0400000000000420,40002000,,,,02 000000,,
;0400000000001111,40003000,,,,02 000000,,
;0400000000000241,40002000,,,,02 000000,,
;0400000000000243,40002000,,,,02 000000,,
;0400000000000252,40012000,,,,02 000000,,
;0400000000000378,40001000,,,,02 000000,,
;0400000000000385,40001000,,,,02 000000,,
;0400000000000447,40002000,,,,02 000000,,
;0400000000004012,40001000,,,,02 000000,,
;0400000000004023,40001000,,,,02 000000,,
;05000000028000
;030,14,00000000000000000,180705,180706,,,,9115         ,,
;0400000000010233,40001000,,,,02 000000,,
;0400000000010627,40001000,,,,02 000000,,
;0400000000011100,40002000,,,,02 000000,,
;0400000000011117,40002000,,,,02 000000,,
;0400000000011129,40001000,,,,02 000000,,
;0400000000011354,40012000,,,,02 000000,,
;0400000000011415,40002000,,,,02 000000,,
;0400000000011418,40002000,,,,02 000000,,
;0400000000014281,40003000,,,,02 000000,,
;0400000000014282,40003000,,,,02 000000,,
;0400000000014283,40003000,,,,02 000000,,
;0400000000014669,40001000,,,,02 000000,,
;0400000000014755,40001000,,,,02 000000,,
;0400000000015022,40001000,,,,02 000000,,
;0400000000015111,40001000,,,,02 000000,,
;0400000000015181,40001000,,,,02 000000,,
;0400000000015299,40001000,,,,02 000000,,
;05000000038000
;030,14,00000000000000000,180705,180706,,,,1667         ,,
;0400000000000317,40002000,,,,02 000000,,
;0400000000000420,40003000,,,,02 000000,,
;0400000000000241,40003000,,,,02 000000,,
;0400000000000243,40003000,,,,02 000000,,
;0400000000000244,40003000,,,,02 000000,,
;0400000000000252,40005000,,,,02 000000,,
;0400000000000378,40001000,,,,02 000000,,
;0400000000000443,40001000,,,,02 000000,,
;0400000000000447,40001000,,,,02 000000,,
;0400000000004012,40001000,,,,02 000000,,
;0400000000004023,40002000,,,,02 000000,,
;05000000025000
;030,14,00000000000000000,180705,180706,,,,9167         ,,
;0400000000011129,40001000,,,,02 000000,,
;0400000000011932,40001000,,,,02 000000,,
;05000000002000
;030,14,00000000000000000,180705,180706,,,,3767         ,,
;0400000000000317,40001000,,,,02 000000,,
;0400000000001360,40002000,,,,02 000000,,
;0400000000001361,40002000,,,,02 000000,,
;0400000000000420,40004000,,,,02 000000,,
;0400000000001111,40003000,,,,02 000000,,
;0400000000001160,40005000,,,,02 000000,,
;0400000000000241,40006000,,,,02 000000,,
;0400000000000243,40006000,,,,02 000000,,
;0400000000000252,40003000,,,,02 000000,,
;0400000000000367,40001000,,,,02 000000,,
;0400000000000378,40002000,,,,02 000000,,
;0400000000000381,40002000,,,,02 000000,,
;0400000000000385,40001000,,,,02 000000,,
;0400000000004012,40001000,,,,02 000000,,
;05000000039000
;030,14,00000000000000000,180705,180706,,,,9168         ,,
;0400000000010205,40002000,,,,02 000000,,
;0400000000010233,40001000,,,,02 000000,,
;0400000000011117,40006000,,,,02 000000,,
;0400000000011308,40001000,,,,02 000000,,
;05000000010000
;030,14,00000000000000000,180705,180706,,,,3769         ,,
;0400000000000317,40001000,,,,02 000000,,
;0400000000000241,40004000,,,,02 000000,,
;0400000000000243,40004000,,,,02 000000,,
;0400000000000252,40006000,,,,02 000000,,
;0400000000000367,40001000,,,,02 000000,,
;0400000000000378,40001000,,,,02 000000,,
;0400000000000381,40001000,,,,02 000000,,
;0400000000000385,40001000,,,,02 000000,,
;0400000000004012,40001000,,,,02 000000,,
;0400000000004036,40001000,,,,02 000000,,
;0400000000005036,40001000,,,,02 000000,,
;0400000000004023,40001000,,,,02 000000,,
;05000000023000
;030,14,00000000000000000,180705,180706,,,,1671         ,,
;0400000000000317,40002000,,,,02 000000,,
;0400000000000338,40001000,,,,02 000000,,
;0400000000001360,40002000,,,,02 000000,,
;0400000000000420,40008000,,,,02 000000,,
;0400000000001111,40005000,,,,02 000000,,
;0400000000000241,40006000,,,,02 000000,,
;0400000000000243,40004000,,,,02 000000,,
;0400000000000244,40003000,,,,02 000000,,
;0400000000000252,40008000,,,,02 000000,,
;0400000000000340,40001000,,,,02 000000,,
;0400000000000367,40002000,,,,02 000000,,
;0400000000000378,40003000,,,,02 000000,,
;0400000000000381,40002000,,,,02 000000,,
;0400000000000385,40002000,,,,02 000000,,
;0400000000004012,40002000,,,,02 000000,,
;0400000000004058,40001000,,,,02 000000,,
;0400000000004023,40001000,,,,02 000000,,
;0400000000004047,40001000,,,,02 000000,,
;05000000054000
;030,14,00000000000000000,180705,180706,,,,3859         ,,
;0400000000000318,40001000,,,,02 000000,,
;0400000000000241,40004000,,,,02 000000,,
;0400000000000243,40004000,,,,02 000000,,
;0400000000000364,40002000,,,,02 000000,,
;0400000000000367,40001000,,,,02 000000,,
;0400000000000385,40001000,,,,02 000000,,
;0400000000000448,40001000,,,,02 000000,,
;0400000000004012,40001000,,,,02 000000,,
;05000000015000
;030,14,00000000000000000,180705,180706,,,,1678         ,,
;0400000000000317,40002000,,,,02 000000,,
;0400000000000241,40008000,,,,02 000000,,
;0400000000000243,40005000,,,,02 000000,,
;0400000000000244,40003000,,,,02 000000,,
;0400000000000252,40003000,,,,02 000000,,
;0400000000000367,40001000,,,,02 000000,,
;0400000000000378,40001000,,,,02 000000,,
;0400000000000381,40002000,,,,02 000000,,
;0400000000000385,40002000,,,,02 000000,,
;0400000000004012,40002000,,,,02 000000,,
;0400000000004036,40001000,,,,02 000000,,
;05000000030000
;030,14,00000000000000000,180705,180706,,,,9121         ,,
;0400000000010205,40002000,,,,02 000000,,
;0400000000011100,40002000,,,,02 000000,,
;0400000000011117,40003000,,,,02 000000,,
;0400000000011125,40002000,,,,02 000000,,
;0400000000011308,40002000,,,,02 000000,,
;0400000000011997,40002000,,,,02 000000,,
;0400000000012049,40003000,,,,02 000000,,
;05000000016000
;030,14,00000000000000000,180705,180706,,,,1683         ,,
;0400000000000241,40003000,,,,02 000000,,
;0400000000000243,40003000,,,,02 000000,,
;0400000000000385,40001000,,,,02 000000,,
;05000000007000
;030,14,00000000000000000,180705,180706,,,,1686         ,,
;0400000000000317,40001000,,,,02 000000,,
;0400000000001360,40001000,,,,02 000000,,
;0400000000001361,40002000,,,,02 000000,,
;0400000000000420,40006000,,,,02 000000,,
;0400000000001160,40004000,,,,02 000000,,
;0400000000000241,40008000,,,,02 000000,,
;0400000000000243,40008000,,,,02 000000,,
;0400000000000252,40006000,,,,02 000000,,
;0400000000000367,40001000,,,,02 000000,,
;0400000000000378,40003000,,,,02 000000,,
;0400000000000381,40001000,,,,02 000000,,
;0400000000000385,40003000,,,,02 000000,,
;0400000000004012,40001000,,,,02 000000,,
;0400000000004023,40001000,,,,02 000000,,
;05000000046000
;030,14,00000000000000000,180705,180706,,,,9123         ,,
;0400000000010205,40004000,,,,02 000000,,
;0400000000010501,40001000,,,,02 000000,,
;0400000000010690,40001000,,,,02 000000,,
;0400000000011117,40004000,,,,02 000000,,
;0400000000011354,40010000,,,,02 000000,,
;0400000000011820,40001000,,,,02 000000,,
;0400000000011922,40002000,,,,02 000000,,
;0400000000011929,40002000,,,,02 000000,,
;0400000000011932,40002000,,,,02 000000,,
;0400000000012034,40001000,,,,02 000000,,
;0400000000012049,40001000,,,,02 000000,,
;05000000029000
;030,14,00000000000000000,180705,180706,,,,1631         ,,
;0400000000000318,40001000,,,,02 000000,,
;0400000000001360,40001000,,,,02 000000,,
;0400000000000420,40004000,,,,02 000000,,
;0400000000000241,40002000,,,,02 000000,,
;0400000000000243,40005000,,,,02 000000,,
;0400000000000244,40003000,,,,02 000000,,
;0400000000000252,40008000,,,,02 000000,,
;0400000000000378,40001000,,,,02 000000,,
;0400000000000381,40001000,,,,02 000000,,
;0400000000000385,40001000,,,,02 000000,,
;0400000000004012,40001000,,,,02 000000,,
;0400000000004047,40001000,,,,02 000000,,
;05000000029000
;030,14,00000000000000000,180705,180706,,,,1633         ,,
;0400000000000317,40002000,,,,02 000000,,
;0400000000000318,40001000,,,,02 000000,,
;0400000000000338,40001000,,,,02 000000,,
;0400000000001360,40001000,,,,02 000000,,
;0400000000001361,40001000,,,,02 000000,,
;0400000000000420,40004000,,,,02 000000,,
;0400000000001111,40002000,,,,02 000000,,
;0400000000001120,40001000,,,,02 000000,,
;0400000000000241,40010000,,,,02 000000,,
;0400000000000243,40007000,,,,02 000000,,
;0400000000000244,40006000,,,,02 000000,,
;0400000000000252,40015000,,,,02 000000,,
;0400000000000367,40001000,,,,02 000000,,
;0400000000000378,40002000,,,,02 000000,,
;0400000000000381,40001000,,,,02 000000,,
;0400000000000385,40002000,,,,02 000000,,
;0400000000000443,40002000,,,,02 000000,,
;0400000000000447,40002000,,,,02 000000,,
;0400000000004012,40002000,,,,02 000000,,
;0400000000004036,40001000,,,,02 000000,,
;0400000000004058,40001000,,,,02 000000,,
;0400000000004023,40001000,,,,02 000000,,
;0400000000004047,40001000,,,,02 000000,,
;05000000067000
;030,14,00000000000000000,180705,180706,,,,9126         ,,
;0400000000010205,40006000,,,,02 000000,,
;0400000000010251,40002000,,,,02 000000,,
;0400000000010345,40002000,,,,02 000000,,
;0400000000011117,40006000,,,,02 000000,,
;0400000000011125,40002000,,,,02 000000,,
;0400000000011186,40003000,,,,02 000000,,
;0400000000011308,40002000,,,,02 000000,,
;0400000000012034,40002000,,,,02 000000,,
;0400000000012966,40010000,,,,02 000000,,
;0400000000015299,40002000,,,,02 000000,,
;05000000037000
;030,14,00000000000000000,180705,180706,,,,1688         ,,
;0400000000000317,40003000,,,,02 000000,,
;0400000000000318,40003000,,,,02 000000,,
;0400000000000338,40001000,,,,02 000000,,
;0400000000001360,40001000,,,,02 000000,,
;0400000000001361,40001000,,,,02 000000,,
;0400000000001111,40003000,,,,02 000000,,
;0400000000001120,40001000,,,,02 000000,,
;0400000000000241,40010000,,,,02 000000,,
;0400000000000243,40008000,,,,02 000000,,
;0400000000000244,40007000,,,,02 000000,,
;0400000000000252,40015000,,,,02 000000,,
;0400000000000367,40001000,,,,02 000000,,
;0400000000000378,40002000,,,,02 000000,,
;0400000000000381,40002000,,,,02 000000,,
;0400000000000385,40002000,,,,02 000000,,
;0400000000000443,40004000,,,,02 000000,,
;0400000000000447,40004000,,,,02 000000,,
;0400000000004012,40004000,,,,02 000000,,
;0400000000004036,40001000,,,,02 000000,,
;0400000000004058,40001000,,,,02 000000,,
;0400000000004023,40002000,,,,02 000000,,
;0400000000004047,40001000,,,,02 000000,,
;05000000077000
;030,14,00000000000000000,180705,180706,,,,9127         ,,
;0400000000011117,40002000,,,,02 000000,,
;0400000000011354,40002000,,,,02 000000,,
;0400000000011820,40002000,,,,02 000000,,
;05000000006000
;030,14,00000000000000000,180705,180706,,,,1663         ,,
;0400000000000317,40002000,,,,02 000000,,
;0400000000001360,40001000,,,,02 000000,,
;0400000000001361,40001000,,,,02 000000,,
;0400000000000420,40003000,,,,02 000000,,
;0400000000000241,40004000,,,,02 000000,,
;0400000000000243,40004000,,,,02 000000,,
;0400000000000244,40002000,,,,02 000000,,
;0400000000000252,40005000,,,,02 000000,,
;0400000000000367,40001000,,,,02 000000,,
;0400000000000378,40001000,,,,02 000000,,
;0400000000000381,40001000,,,,02 000000,,
;0400000000000385,40002000,,,,02 000000,,
;0400000000000447,40001000,,,,02 000000,,
;0400000000004058,40001000,,,,02 000000,,
;0400000000004023,40001000,,,,02 000000,,
;0400000000004047,40001000,,,,02 000000,,
;05000000031000
;030,14,00000000000000000,180705,180706,,,,9194         ,,
;0400000000010687,40002000,,,,02 000000,,
;0400000000011117,40004000,,,,02 000000,,
;0400000000011308,40002000,,,,02 000000,,
;0400000000011820,40001000,,,,02 000000,,
;0400000000011928,40005000,,,,02 000000,,
;0400000000011929,40001000,,,,02 000000,,
;0400000000015179,40005000,,,,02 000000,,
;0400000000015180,40005000,,,,02 000000,,
;05000000025000
;030,14,00000000000000000,180705,180706,,,,3863         ,,
;0400000000000420,40002000,,,,02 000000,,
;0400000000000241,40005000,,,,02 000000,,
;0400000000000243,40005000,,,,02 000000,,
;0400000000000244,40005000,,,,02 000000,,
;0400000000000378,40001000,,,,02 000000,,
;0400000000000381,40001000,,,,02 000000,,
;0400000000000385,40001000,,,,02 000000,,
;0400000000000443,40002000,,,,02 000000,,
;0400000000000447,40002000,,,,02 000000,,
;0400000000004036,40001000,,,,02 000000,,
;0400000000004023,40001000,,,,02 000000,,
;05000000026000
;030,14,00000000000000000,180705,180706,,,,9129         ,,
;0400000000010501,40001000,,,,02 000000,,
;0400000000010540,40001000,,,,02 000000,,
;0400000000011117,40008000,,,,02 000000,,
;0400000000011177,40001000,,,,02 000000,,
;0400000000011523,40005000,,,,02 000000,,
;0400000000011997,40015000,,,,02 000000,,
;0400000000012049,40005000,,,,02 000000,,
;0400000000014282,40002000,,,,02 000000,,
;0400000000014310,40001000,,,,02 000000,,
;05000000039000
;030,14,00000000000000000,180705,180706,,,,3701         ,,
;0400000000000420,40002000,,,,02 000000,,
;0400000000001160,40003000,,,,02 000000,,
;0400000000000241,40003000,,,,02 000000,,
;0400000000000243,40003000,,,,02 000000,,
;0400000000000364,40001000,,,,02 000000,,
;0400000000000378,40001000,,,,02 000000,,
;0400000000000381,40001000,,,,02 000000,,
;0400000000004012,40001000,,,,02 000000,,
;05000000015000
;030,14,00000000000000000,180705,180706,,,,3708         ,,
;0400000000000420,40001000,,,,02 000000,,
;0400000000001160,40003000,,,,02 000000,,
;0400000000000241,40003000,,,,02 000000,,
;0400000000000243,40003000,,,,02 000000,,
;0400000000000252,40003000,,,,02 000000,,
;0400000000004012,40005000,,,,02 000000,,
;05000000018000
;030,14,00000000000000000,180705,180706,,,,9138         ,,
;0400000000010205,40002000,,,,02 000000,,
;0400000000010246,40001000,,,,02 000000,,
;0400000000010251,40001000,,,,02 000000,,
;0400000000010288,40002000,,,,02 000000,,
;0400000000010345,40001000,,,,02 000000,,
;0400000000010540,40001000,,,,02 000000,,
;0400000000010692,40002000,,,,02 000000,,
;0400000000011117,40002000,,,,02 000000,,
;0400000000011166,40001000,,,,02 000000,,
;05000000013000
;030,14,00000000000000000,180705,180706,,,,3710         ,,
;0400000000000318,40001000,,,,02 000000,,
;0400000000000420,40002000,,,,02 000000,,
;0400000000000241,40003000,,,,02 000000,,
;0400000000000243,40003000,,,,02 000000,,
;0400000000000244,40003000,,,,02 000000,,
;0400000000000252,40006000,,,,02 000000,,
;0400000000000378,40001000,,,,02 000000,,
;0400000000000385,40001000,,,,02 000000,,
;0400000000004012,40001000,,,,02 000000,,
;0400000000004023,40001000,,,,02 000000,,
;05000000022000
;030,14,00000000000000000,180705,180706,,,,9131         ,,
;0400000000010205,40006000,,,,02 000000,,
;0400000000010255,40001000,,,,02 000000,,
;0400000000010540,40001000,,,,02 000000,,
;0400000000011117,40010000,,,,02 000000,,
;0400000000011308,40002000,,,,02 000000,,
;0400000000011354,40012000,,,,02 000000,,
;0400000000011929,40002000,,,,02 000000,,
;05000000034000
;030,14,00000000000000000,180705,180706,,,,1217         ,,
;0400000000000317,40002000,,,,02 000000,,
;0400000000000318,40001000,,,,02 000000,,
;0400000000001360,40001000,,,,02 000000,,
;0400000000000420,40008000,,,,02 000000,,
;0400000000000241,40006000,,,,02 000000,,
;0400000000000243,40009000,,,,02 000000,,
;0400000000000244,40008000,,,,02 000000,,
;0400000000000252,40010000,,,,02 000000,,
;0400000000000340,40001000,,,,02 000000,,
;0400000000000367,40001000,,,,02 000000,,
;0400000000000378,40002000,,,,02 000000,,
;0400000000000381,40001000,,,,02 000000,,
;0400000000000385,40001000,,,,02 000000,,
;0400000000000448,40001000,,,,02 000000,,
;0400000000004012,40002000,,,,02 000000,,
;0400000000004023,40001000,,,,02 000000,,
;05000000055000
;030,14,00000000000000000,180705,180706,,,,9132         ,,
;0400000000010251,40001000,,,,02 000000,,
;0400000000010256,40001000,,,,02 000000,,
;0400000000010540,40001000,,,,02 000000,,
;0400000000010687,40001000,,,,02 000000,,
;0400000000010688,40003000,,,,02 000000,,
;0400000000010692,40001000,,,,02 000000,,
;0400000000011100,40001000,,,,02 000000,,
;0400000000011117,40008000,,,,02 000000,,
;0400000000011125,40001000,,,,02 000000,,
;0400000000011177,40001000,,,,02 000000,,
;0400000000011308,40001000,,,,02 000000,,
;0400000000011354,40004000,,,,02 000000,,
;0400000000011658,40001000,,,,02 000000,,
;0400000000011820,40003000,,,,02 000000,,
;0400000000011922,40002000,,,,02 000000,,
;0400000000011925,40001000,,,,02 000000,,
;0400000000011929,40002000,,,,02 000000,,
;0400000000012034,40001000,,,,02 000000,,
;05000000034000
;030,14,00000000000000000,180705,180706,,,,1207         ,,
;0400000000000317,40002000,,,,02 000000,,
;0400000000001360,40002000,,,,02 000000,,
;0400000000001361,40002000,,,,02 000000,,
;0400000000000420,40005000,,,,02 000000,,
;0400000000001111,40005000,,,,02 000000,,
;0400000000001160,40005000,,,,02 000000,,
;0400000000000241,40005000,,,,02 000000,,
;0400000000000243,40003000,,,,02 000000,,
;0400000000000244,40005000,,,,02 000000,,
;0400000000000252,40010000,,,,02 000000,,
;0400000000000378,40004000,,,,02 000000,,
;0400000000000381,40004000,,,,02 000000,,
;0400000000000385,40003000,,,,02 000000,,
;0400000000004012,40002000,,,,02 000000,,
;0400000000004058,40001000,,,,02 000000,,
;0400000000004023,40001000,,,,02 000000,,
;05000000059000
;030,14,00000000000000000,180705,180706,,,,9140         ,,
;0400000000010251,40002000,,,,02 000000,,
;0400000000010687,40006000,,,,02 000000,,
;0400000000010688,40003000,,,,02 000000,,
;0400000000011117,40005000,,,,02 000000,,
;0400000000011308,40001000,,,,02 000000,,
;0400000000011354,40004000,,,,02 000000,,
;0400000000011922,40001000,,,,02 000000,,
;0400000000011926,40001000,,,,02 000000,,
;0400000000011929,40002000,,,,02 000000,,
;0400000000012034,40001000,,,,02 000000,,
;0400000000012049,40001000,,,,02 000000,,
;05000000027000
;030,14,00000000000000000,180705,180706,,,,3714         ,,
;0400000000000317,40001000,,,,02 000000,,
;0400000000000420,40001000,,,,02 000000,,
;0400000000001111,40004000,,,,02 000000,,
;0400000000001160,40005000,,,,02 000000,,
;0400000000000241,40007000,,,,02 000000,,
;0400000000000243,40004000,,,,02 000000,,
;0400000000000244,40004000,,,,02 000000,,
;0400000000000378,40001000,,,,02 000000,,
;0400000000000379,40001000,,,,02 000000,,
;0400000000000447,40001000,,,,02 000000,,
;0400000000004023,40001000,,,,02 000000,,
;05000000030000
;030,14,00000000000000000,180705,180706,,,,3773         ,,
;0400000000000317,40001000,,,,02 000000,,
;0400000000001360,40001000,,,,02 000000,,
;0400000000000420,40002000,,,,02 000000,,
;0400000000000241,40004000,,,,02 000000,,
;0400000000000243,40003000,,,,02 000000,,
;0400000000000252,40005000,,,,02 000000,,
;0400000000000367,40001000,,,,02 000000,,
;0400000000000378,40001000,,,,02 000000,,
;0400000000000385,40001000,,,,02 000000,,
;0400000000000443,40001000,,,,02 000000,,
;0400000000000447,40001000,,,,02 000000,,
;0400000000004023,40001000,,,,02 000000,,
;05000000022000
;030,14,00000000000000000,180705,180706,,,,9133         ,,
;0400000000010251,40001000,,,,02 000000,,
;0400000000011100,40001000,,,,02 000000,,
;0400000000011117,40002000,,,,02 000000,,
;0400000000011308,40002000,,,,02 000000,,
;0400000000011417,40002000,,,,02 000000,,
;0400000000011658,40001000,,,,02 000000,,
;05000000009000
;030,14,00000000000000000,180705,180706,,,,2612         ,,
;0400000000000317,40001000,,,,02 000000,,
;0400000000000318,40001000,,,,02 000000,,
;0400000000000420,40006000,,,,02 000000,,
;0400000000000241,40004000,,,,02 000000,,
;0400000000000243,40004000,,,,02 000000,,
;0400000000000244,40004000,,,,02 000000,,
;0400000000000252,40025000,,,,02 000000,,
;0400000000000378,40006000,,,,02 000000,,
;0400000000000381,40006000,,,,02 000000,,
;0400000000000385,40002000,,,,02 000000,,
;0400000000000443,40001000,,,,02 000000,,
;0400000000000447,40001000,,,,02 000000,,
;0400000000004012,40002000,,,,02 000000,,
;0400000000004036,40001000,,,,02 000000,,
;0400000000004023,40003000,,,,02 000000,,
;05000000067000
;030,14,00000000000000000,180705,180706,,,,9144         ,,
;0400000000010205,40006000,,,,02 000000,,
;0400000000010251,40004000,,,,02 000000,,
;0400000000010345,40002000,,,,02 000000,,
;0400000000010687,40005000,,,,02 000000,,
;0400000000010688,40003000,,,,02 000000,,
;0400000000010690,40001000,,,,02 000000,,
;0400000000010692,40001000,,,,02 000000,,
;0400000000011100,40001000,,,,02 000000,,
;0400000000011117,40006000,,,,02 000000,,
;0400000000011125,40002000,,,,02 000000,,
;0400000000011308,40002000,,,,02 000000,,
;0400000000011354,40010000,,,,02 000000,,
;0400000000011658,40002000,,,,02 000000,,
;0400000000011922,40002000,,,,02 000000,,
;0400000000011926,40001000,,,,02 000000,,
;0400000000011928,40004000,,,,02 000000,,
;0400000000011929,40002000,,,,02 000000,,
;0400000000011997,40004000,,,,02 000000,,
;0400000000012049,40002000,,,,02 000000,,
;05000000060000
;030,14,00000000000000000,180705,180706,,,,3723         ,,
;0400000000000317,40002000,,,,02 000000,,
;0400000000000420,40002000,,,,02 000000,,
;0400000000001111,40002000,,,,02 000000,,
;0400000000001120,40001000,,,,02 000000,,
;0400000000001160,40005000,,,,02 000000,,
;0400000000000241,40010000,,,,02 000000,,
;0400000000000243,40010000,,,,02 000000,,
;0400000000000244,40002000,,,,02 000000,,
;0400000000000252,40003000,,,,02 000000,,
;0400000000000367,40001000,,,,02 000000,,
;0400000000000378,40001000,,,,02 000000,,
;0400000000000381,40001000,,,,02 000000,,
;0400000000000385,40002000,,,,02 000000,,
;0400000000004012,40001000,,,,02 000000,,
;05000000043000
;030,14,00000000000000000,180705,180706,,,,9145         ,,
;0400000000010205,40004000,,,,02 000000,,
;0400000000010246,40002000,,,,02 000000,,
;0400000000010255,40001000,,,,02 000000,,
;0400000000010345,40001000,,,,02 000000,,
;0400000000010501,40001000,,,,02 000000,,
;0400000000010522,40001000,,,,02 000000,,
;0400000000010687,40002000,,,,02 000000,,
;0400000000011117,40010000,,,,02 000000,,
;0400000000011166,40001000,,,,02 000000,,
;0400000000011308,40002000,,,,02 000000,,
;0400000000011354,40040000,,,,02 000000,,
;0400000000011922,40004000,,,,02 000000,,
;0400000000011928,40004000,,,,02 000000,,
;0400000000011997,40003000,,,,02 000000,,
;0400000000012049,40002000,,,,02 000000,,
;05000000078000
;030,14,00000000000000000,180705,180706,,,,3725         ,,
;0400000000000317,40004000,,,,02 000000,,
;0400000000001360,40005000,,,,02 000000,,
;0400000000000420,40010000,,,,02 000000,,
;0400000000001120,40003000,,,,02 000000,,
;0400000000000241,40011000,,,,02 000000,,
;0400000000000243,40012000,,,,02 000000,,
;0400000000000244,40012000,,,,02 000000,,
;0400000000000252,40006000,,,,02 000000,,
;0400000000000340,40001000,,,,02 000000,,
;0400000000000364,40001000,,,,02 000000,,
;0400000000000367,40001000,,,,02 000000,,
;0400000000000378,40002000,,,,02 000000,,
;0400000000000379,40001000,,,,02 000000,,
;0400000000000385,40001000,,,,02 000000,,
;0400000000000448,40001000,,,,02 000000,,
;0400000000004012,40002000,,,,02 000000,,
;0400000000004036,40001000,,,,02 000000,,
;0400000000004047,40001000,,,,02 000000,,
;05000000075000
;030,14,00000000000000000,180705,180706,,,,9134         ,,
;0400000000010166,40005000,,,,02 000000,,
;0400000000010205,40003000,,,,02 000000,,
;0400000000011997,40010000,,,,02 000000,,
;05000000018000
;030,14,00000000000000000,180705,180706,,,,1311         ,,
;0400000000000317,40010000,,,,02 000000,,
;0400000000000318,40008000,,,,02 000000,,
;0400000000000338,40001000,,,,02 000000,,
;0400000000001360,40001000,,,,02 000000,,
;0400000000001361,40001000,,,,02 000000,,
;0400000000000420,40005000,,,,02 000000,,
;0400000000001120,40002000,,,,02 000000,,
;0400000000000241,40010000,,,,02 000000,,
;0400000000000243,40010000,,,,02 000000,,
;0400000000000244,40010000,,,,02 000000,,
;0400000000000252,40003000,,,,02 000000,,
;0400000000000340,40001000,,,,02 000000,,
;0400000000000364,40001000,,,,02 000000,,
;0400000000000378,40002000,,,,02 000000,,
;0400000000000381,40002000,,,,02 000000,,
;0400000000000385,40002000,,,,02 000000,,
;0400000000000448,40001000,,,,02 000000,,
;0400000000000443,40002000,,,,02 000000,,
;0400000000000447,40002000,,,,02 000000,,
;0400000000004012,40001000,,,,02 000000,,
;0400000000004036,40001000,,,,02 000000,,
;0400000000004058,40001000,,,,02 000000,,
;0400000000004047,40001000,,,,02 000000,,
;05000000078000
;030,14,00000000000000000,180705,180706,,,,9099         ,,
;0400000000010250,40001000,,,,02 000000,,
;0400000000010614,40001000,,,,02 000000,,
;0400000000010811,40004000,,,,02 000000,,
;0400000000011005,40001000,,,,02 000000,,
;0400000000011117,40035000,,,,02 000000,,
;0400000000011128,40001000,,,,02 000000,,
;0400000000011844,40001000,,,,02 000000,,
;0400000000011932,40015000,,,,02 000000,,
;0400000000011933,40001000,,,,02 000000,,
;0400000000012218,40001000,,,,02 000000,,
;0400000000015013,40001000,,,,02 000000,,
;05000000062000
;030,14,00000000000000000,180705,180706,,,,9135         ,,
;0400000000010205,40014000,,,,02 000000,,
;05000000014000
;030,14,00000000000000000,180705,180706,,,,1307         ,,
;0400000000000317,40010000,,,,02 000000,,
;0400000000000318,40005000,,,,02 000000,,
;0400000000000338,40001000,,,,02 000000,,
;0400000000001360,40002000,,,,02 000000,,
;0400000000001361,40001000,,,,02 000000,,
;0400000000000420,40008000,,,,02 000000,,
;0400000000001120,40005000,,,,02 000000,,
;0400000000000241,40008000,,,,02 000000,,
;0400000000000243,40005000,,,,02 000000,,
;0400000000000244,40010000,,,,02 000000,,
;0400000000000252,40006000,,,,02 000000,,
;0400000000000340,40001000,,,,02 000000,,
;0400000000000364,40001000,,,,02 000000,,
;0400000000000378,40003000,,,,02 000000,,
;0400000000000381,40003000,,,,02 000000,,
;0400000000000385,40003000,,,,02 000000,,
;0400000000000448,40001000,,,,02 000000,,
;0400000000000443,40002000,,,,02 000000,,
;0400000000000447,40005000,,,,02 000000,,
;0400000000004012,40002000,,,,02 000000,,
;0400000000004036,40001000,,,,02 000000,,
;0400000000004023,40001000,,,,02 000000,,
;0400000000004047,40001000,,,,02 000000,,
;05000000085000
;030,14,00000000000000000,180705,180706,,,,9098         ,,
;0400000000010250,40002000,,,,02 000000,,
;0400000000012218,40002000,,,,02 000000,,
;0400000000012605,40001000,,,,02 000000,,
;05000000005000
;030,14,00000000000000000,180705,180706,,,,9155         ,,
;0400000000010251,40001000,,,,02 000000,,
;0400000000011117,40002000,,,,02 000000,,
;0400000000012049,40001000,,,,02 000000,,
;05000000004000
;030,14,00000000000000000,180705,180706,,,,3745         ,,
;0400000000000420,40002000,,,,02 000000,,
;0400000000000241,40002000,,,,02 000000,,
;0400000000000243,40001000,,,,02 000000,,
;0400000000000244,40001000,,,,02 000000,,
;0400000000000252,40008000,,,,02 000000,,
;0400000000000443,40001000,,,,02 000000,,
;0400000000000447,40001000,,,,02 000000,,
;0400000000004023,40001000,,,,02 000000,,
;05000000017000
;030,14,00000000000000000,180705,180706,,,,9178         ,,
;0400000000010205,40003000,,,,02 000000,,
;0400000000010688,40001000,,,,02 000000,,
;0400000000010690,40001000,,,,02 000000,,
;0400000000011117,40004000,,,,02 000000,,
;0400000000011125,40002000,,,,02 000000,,
;0400000000011166,40001000,,,,02 000000,,
;0400000000011308,40001000,,,,02 000000,,
;0400000000011354,40008000,,,,02 000000,,
;0400000000011925,40001000,,,,02 000000,,
;0400000000011932,40001000,,,,02 000000,,
;0400000000012049,40001000,,,,02 000000,,
;05000000024000
;030,14,00000000000000000,180705,180706,,,,3795         ,,
;0400000000000338,40001000,,,,02 000000,,
;0400000000000420,40002000,,,,02 000000,,
;0400000000000241,40003000,,,,02 000000,,
;0400000000000243,40003000,,,,02 000000,,
;0400000000000244,40003000,,,,02 000000,,
;0400000000000252,40004000,,,,02 000000,,
;0400000000000364,40001000,,,,02 000000,,
;0400000000000378,40001000,,,,02 000000,,
;0400000000000385,40001000,,,,02 000000,,
;0400000000004012,40001000,,,,02 000000,,
;0400000000004036,40001000,,,,02 000000,,
;05000000021000
;030,14,00000000000000000,180705,180706,,,,9176         ,,
;0400000000010501,40001000,,,,02 000000,,
;0400000000011100,40001000,,,,02 000000,,
;0400000000011117,40002000,,,,02 000000,,
;0400000000011125,40001000,,,,02 000000,,
;0400000000011308,40001000,,,,02 000000,,
;0400000000011820,40002000,,,,02 000000,,
;0400000000011922,40001000,,,,02 000000,,
;0400000000011929,40001000,,,,02 000000,,
;0400000000011932,40001000,,,,02 000000,,
;05000000011000
;030,14,00000000000000000,180705,180706,,,,3791         ,,
;0400000000000317,40001000,,,,02 000000,,
;0400000000001360,40001000,,,,02 000000,,
;0400000000001361,40001000,,,,02 000000,,
;0400000000000420,40004000,,,,02 000000,,
;0400000000000241,40004000,,,,02 000000,,
;0400000000000243,40004000,,,,02 000000,,
;0400000000000244,40003000,,,,02 000000,,
;0400000000000367,40001000,,,,02 000000,,
;0400000000000378,40001000,,,,02 000000,,
;0400000000000381,40001000,,,,02 000000,,
;0400000000000385,40001000,,,,02 000000,,
;0400000000000443,40002000,,,,02 000000,,
;0400000000000447,40002000,,,,02 000000,,
;0400000000004012,40001000,,,,02 000000,,
;05000000027000
;030,14,00000000000000000,180705,180706,,,,3800         ,,
;0400000000000338,40001000,,,,02 000000,,
;0400000000001360,40002000,,,,02 000000,,
;0400000000001361,40001000,,,,02 000000,,
;0400000000000420,40005000,,,,02 000000,,
;0400000000000241,40005000,,,,02 000000,,
;0400000000000243,40005000,,,,02 000000,,
;0400000000000244,40005000,,,,02 000000,,
;0400000000000252,40004000,,,,02 000000,,
;0400000000000367,40001000,,,,02 000000,,
;0400000000000378,40001000,,,,02 000000,,
;0400000000000381,40001000,,,,02 000000,,
;0400000000000385,40003000,,,,02 000000,,
;0400000000000443,40002000,,,,02 000000,,
;0400000000000447,40002000,,,,02 000000,,
;0400000000004012,40002000,,,,02 000000,,
;0400000000004036,40001000,,,,02 000000,,
;05000000041000
;030,14,00000000000000000,180705,180706,,,,3802         ,,
;0400000000000317,40001000,,,,02 000000,,
;0400000000000420,40003000,,,,02 000000,,
;0400000000001160,40004000,,,,02 000000,,
;0400000000000241,40004000,,,,02 000000,,
;0400000000000243,40004000,,,,02 000000,,
;0400000000000244,40001000,,,,02 000000,,
;0400000000000252,40004000,,,,02 000000,,
;0400000000000378,40001000,,,,02 000000,,
;0400000000000381,40001000,,,,02 000000,,
;0400000000000385,40001000,,,,02 000000,,
;0400000000000443,40002000,,,,02 000000,,
;0400000000000447,40003000,,,,02 000000,,
;0400000000004012,40001000,,,,02 000000,,
;0400000000004036,40001000,,,,02 000000,,
;05000000031000
;030,14,00000000000000000,180705,180706,,,,3806         ,,
;0400000000000338,40001000,,,,02 000000,,
;0400000000000420,40001000,,,,02 000000,,
;0400000000001111,40002000,,,,02 000000,,
;0400000000000241,40002000,,,,02 000000,,
;0400000000000243,40002000,,,,02 000000,,
;0400000000000244,40002000,,,,02 000000,,
;0400000000000252,40002000,,,,02 000000,,
;05000000012000
;030,14,00000000000000000,180705,180706,,,,9184         ,,
;0400000000010205,40001000,,,,02 000000,,
;0400000000010255,40001000,,,,02 000000,,
;0400000000011100,40001000,,,,02 000000,,
;0400000000011117,40003000,,,,02 000000,,
;0400000000011125,40001000,,,,02 000000,,
;0400000000011129,40001000,,,,02 000000,,
;0400000000011308,40001000,,,,02 000000,,
;0400000000011354,40003000,,,,02 000000,,
;0400000000011415,40002000,,,,02 000000,,
;0400000000011928,40001000,,,,02 000000,,
;0400000000012049,40001000,,,,02 000000,,
;05000000016000
;030,14,00000000000000000,180705,180706,,,,3809         ,,
;0400000000000318,40001000,,,,02 000000,,
;0400000000001361,40001000,,,,02 000000,,
;0400000000000420,40002000,,,,02 000000,,
;0400000000001160,40006000,,,,02 000000,,
;0400000000000241,40002000,,,,02 000000,,
;0400000000000243,40002000,,,,02 000000,,
;0400000000000244,40002000,,,,02 000000,,
;0400000000000252,40008000,,,,02 000000,,
;0400000000000367,40001000,,,,02 000000,,
;0400000000000378,40001000,,,,02 000000,,
;0400000000000381,40001000,,,,02 000000,,
;0400000000004047,40001000,,,,02 000000,,
;05000000028000
;030,14,00000000000000000,180705,180706,,,,9185         ,,
;0400000000010205,40001000,,,,02 000000,,
;0400000000011117,40003000,,,,02 000000,,
;0400000000011308,40001000,,,,02 000000,,
;0400000000011354,40002000,,,,02 000000,,
;0400000000011820,40001000,,,,02 000000,,
;0400000000011922,40001000,,,,02 000000,,
;0400000000011929,40002000,,,,02 000000,,
;0400000000012049,40002000,,,,02 000000,,
;0400000000015081,40001000,,,,02 000000,,
;0400000000015093,40001000,,,,02 000000,,
;0400000000015238,40001000,,,,02 000000,,
;05000000016000
;030,14,00000000000000000,180705,180706,,,,3812         ,,
;0400000000000420,40003000,,,,02 000000,,
;0400000000001160,40006000,,,,02 000000,,
;0400000000000378,40001000,,,,02 000000,,
;0400000000000381,40001000,,,,02 000000,,
;0400000000000385,40002000,,,,02 000000,,
;0400000000000443,40001000,,,,02 000000,,
;0400000000000447,40001000,,,,02 000000,,
;05000000015000
;030,14,00000000000000000,180705,180706,,,,9186         ,,
;0400000000011117,40002000,,,,02 000000,,
;0400000000011922,40001000,,,,02 000000,,
;0400000000011929,40001000,,,,02 000000,,
;05000000004000
;030,14,00000000000000000,180705,180706,,,,3815         ,,
;0400000000000317,40001000,,,,02 000000,,
;0400000000001360,40002000,,,,02 000000,,
;0400000000000420,40002000,,,,02 000000,,
;0400000000000241,40002000,,,,02 000000,,
;0400000000000243,40002000,,,,02 000000,,
;0400000000000378,40002000,,,,02 000000,,
;0400000000000381,40001000,,,,02 000000,,
;0400000000000385,40002000,,,,02 000000,,
;0400000000000443,40001000,,,,02 000000,,
;0400000000000447,40001000,,,,02 000000,,
;0400000000004036,40001000,,,,02 000000,,
;05000000017000
;030,14,00000000000000000,180705,180706,,,,9201         ,,
;0400000000011117,40002000,,,,02 000000,,
;05000000002000
;030,14,00000000000000000,180705,180706,,,,3902         ,,
;0400000000000317,40001000,,,,02 000000,,
;0400000000000318,40001000,,,,02 000000,,
;0400000000000338,40001000,,,,02 000000,,
;0400000000001360,40001000,,,,02 000000,,
;0400000000001361,40001000,,,,02 000000,,
;0400000000000420,40004000,,,,02 000000,,
;0400000000001111,40006000,,,,02 000000,,
;0400000000000241,40004000,,,,02 000000,,
;0400000000000243,40004000,,,,02 000000,,
;0400000000000244,40004000,,,,02 000000,,
;0400000000000252,40005000,,,,02 000000,,
;0400000000000367,40001000,,,,02 000000,,
;0400000000000378,40002000,,,,02 000000,,
;0400000000000381,40001000,,,,02 000000,,
;0400000000000385,40002000,,,,02 000000,,
;0400000000000443,40001000,,,,02 000000,,
;0400000000000447,40001000,,,,02 000000,,
;0400000000004012,40001000,,,,02 000000,,
;0400000000004036,40001000,,,,02 000000,,
;0400000000004047,40001000,,,,02 000000,,
;05000000043000
;030,14,00000000000000000,180705,180706,,,,3908         ,,
;0400000000000317,40001000,,,,02 000000,,
;0400000000000318,40001000,,,,02 000000,,
;0400000000000338,40001000,,,,02 000000,,
;0400000000001160,40005000,,,,02 000000,,
;0400000000000241,40003000,,,,02 000000,,
;0400000000000243,40002000,,,,02 000000,,
;0400000000000244,40002000,,,,02 000000,,
;0400000000000252,40006000,,,,02 000000,,
;0400000000000364,40001000,,,,02 000000,,
;0400000000000378,40001000,,,,02 000000,,
;0400000000000381,40001000,,,,02 000000,,
;0400000000000385,40001000,,,,02 000000,,
;0400000000000448,40001000,,,,02 000000,,
;0400000000000443,40001000,,,,02 000000,,
;0400000000000447,40001000,,,,02 000000,,
;0400000000004012,40002000,,,,02 000000,,
;0400000000004036,40001000,,,,02 000000,,
;0400000000004023,40002000,,,,02 000000,,
;05000000033000
;030,14,00000000000000000,180705,180706,,,,9206         ,,
;0400000000010205,40004000,,,,02 000000,,
;0400000000011125,40002000,,,,02 000000,,
;0400000000011308,40001000,,,,02 000000,,
;0400000000011354,40012000,,,,02 000000,,
;0400000000011524,40001000,,,,02 000000,,
;0400000000011922,40003000,,,,02 000000,,
;0400000000011928,40002000,,,,02 000000,,
;0400000000011929,40003000,,,,02 000000,,
;05000000028000
;030,14,00000000000000000,180705,180706,,,,3912         ,,
;0400000000000317,40001000,,,,02 000000,,
;0400000000000338,40001000,,,,02 000000,,
;0400000000000420,40001000,,,,02 000000,,
;0400000000001160,40006000,,,,02 000000,,
;0400000000000241,40003000,,,,02 000000,,
;0400000000000243,40003000,,,,02 000000,,
;0400000000000244,40002000,,,,02 000000,,
;0400000000000252,40005000,,,,02 000000,,
;0400000000000378,40001000,,,,02 000000,,
;0400000000000381,40001000,,,,02 000000,,
;0400000000000385,40002000,,,,02 000000,,
;0400000000000443,40001000,,,,02 000000,,
;0400000000004012,40001000,,,,02 000000,,
;0400000000004036,40001000,,,,02 000000,,
;0400000000004023,40003000,,,,02 000000,,
;05000000032000
;030,14,00000000000000000,180705,180706,,,,9207         ,,
;0400000000010205,40006000,,,,02 000000,,
;0400000000010501,40001000,,,,02 000000,,
;0400000000011117,40003000,,,,02 000000,,
;0400000000011125,40001000,,,,02 000000,,
;0400000000011166,40001000,,,,02 000000,,
;0400000000011308,40004000,,,,02 000000,,
;0400000000011658,40002000,,,,02 000000,,
;0400000000011820,40001000,,,,02 000000,,
;0400000000011922,40002000,,,,02 000000,,
;0400000000011926,40002000,,,,02 000000,,
;0400000000011929,40001000,,,,02 000000,,
;0400000000012034,40001000,,,,02 000000,,
;0400000000012049,40002000,,,,02 000000,,
;05000000027000
;030,14,00000000000000000,180705,180706,,,,3914         ,,
;0400000000000317,40001000,,,,02 000000,,
;0400000000000318,40001000,,,,02 000000,,
;0400000000001361,40001000,,,,02 000000,,
;0400000000000420,40003000,,,,02 000000,,
;0400000000001160,40006000,,,,02 000000,,
;0400000000000241,40012000,,,,02 000000,,
;0400000000000243,40006000,,,,02 000000,,
;0400000000000244,40004000,,,,02 000000,,
;0400000000000252,40010000,,,,02 000000,,
;0400000000000367,40001000,,,,02 000000,,
;0400000000000378,40002000,,,,02 000000,,
;0400000000000381,40001000,,,,02 000000,,
;0400000000000385,40002000,,,,02 000000,,
;0400000000004012,40001000,,,,02 000000,,
;0400000000004058,40001000,,,,02 000000,,
;0400000000004023,40001000,,,,02 000000,,
;05000000053000
;030,14,00000000000000000,180705,180706,,,,3916         ,,
;0400000000001360,40002000,,,,02 000000,,
;0400000000000420,40003000,,,,02 000000,,
;0400000000001160,40003000,,,,02 000000,,
;0400000000000241,40003000,,,,02 000000,,
;0400000000000243,40003000,,,,02 000000,,
;0400000000000244,40003000,,,,02 000000,,
;0400000000000252,40004000,,,,02 000000,,
;0400000000000381,40001000,,,,02 000000,,
;0400000000000385,40002000,,,,02 000000,,
;0400000000000443,40002000,,,,02 000000,,
;0400000000000447,40001000,,,,02 000000,,
;0400000000004012,40001000,,,,02 000000,,
;0400000000004023,40001000,,,,02 000000,,
;05000000029000
;06100,1178
;07000000,00001,00001,000000,(
