010()000377777777777771220228;,597
;)0240051310000002
;030,14,00000000000000000,220228,220301,,,,9174         ,,
;0400000000010205,40001000,,,,02 000000,,
;0400000000011117,40008000,,,,02 000000,,
;0400000000011125,40002000,,,,02 000000,,
;0400000000011354,40006000,,,,02 000000,,
;0400000000011397,40002000,,,,02 000000,,
;0400000000011820,40003000,,,,02 000000,,
;0400000000011922,40002000,,,,02 000000,,
;0400000000011929,40001000,,,,02 000000,,
;0400000000011932,40001000,,,,02 000000,,
;0400000000014755,40002000,,,,02 000000,,
;0400000000015323,40001000,,,,02 000000,,
;05000000029000
;030,14,00000000000000000,220228,220301,,,,3785         ,,
;0400000000001077,40010000,,,,02 000000,,
;0400000000000241,40004000,,,,02 000000,,
;0400000000000243,40004000,,,,02 000000,,
;0400000000000381,40001000,,,,02 000000,,
;0400000000000385,40001000,,,,02 000000,,
;0400000000000406,40001000,,,,02 000000,,
;0400000000007453,40004000,,,,02 000000,,
;0400000000004012,40001000,,,,02 000000,,
;0400000000004062,40001000,,,,02 000000,,
;05000000027000
;030,14,00000000000000000,220228,220301,,,,9172         ,,
;0400000000011117,40004000,,,,02 000000,,
;0400000000011354,40003000,,,,02 000000,,
;0400000000011922,40002000,,,,02 000000,,
;0400000000011929,40001000,,,,02 000000,,
;05000000010000
;030,14,00000000000000000,220228,220301,,,,3777         ,,
;0400000000007006,40001000,,,,02 000000,,
;0400000000000317,40003000,,,,02 000000,,
;0400000000001077,40008000,,,,02 000000,,
;0400000000000241,40006000,,,,02 000000,,
;0400000000000243,40006000,,,,02 000000,,
;0400000000000381,40001000,,,,02 000000,,
;0400000000000385,40001000,,,,02 000000,,
;0400000000000406,40001000,,,,02 000000,,
;0400000000000233,40005000,,,,02 000000,,
;0400000000000235,40005000,,,,02 000000,,
;0400000000007453,40004000,,,,02 000000,,
;0400000000004012,40001000,,,,02 000000,,
;0400000000004062,40001000,,,,02 000000,,
;05000000043000
;030,14,00000000000000000,220228,220301,,,,9159         ,,
;0400000000010275,40001000,,,,02 000000,,
;0400000000010501,40001000,,,,02 000000,,
;0400000000011117,40008000,,,,02 000000,,
;0400000000011354,40015000,,,,02 000000,,
;0400000000012049,40002000,,,,02 000000,,
;0400000000014755,40002000,,,,02 000000,,
;0400000000015057,40001000,,,,02 000000,,
;0400000000015098,40001000,,,,02 000000,,
;0400000000015111,40001000,,,,02 000000,,
;0400000000015288,40002000,,,,02 000000,,
;0400000000015323,40001000,,,,02 000000,,
;0400000000015339,40001000,,,,02 000000,,
;05000000036000
;030,14,00000000000000000,220228,220301,,,,3753         ,,
;0400000000000241,40004000,,,,02 000000,,
;0400000000000243,40004000,,,,02 000000,,
;0400000000000406,40001000,,,,02 000000,,
;0400000000004012,40001000,,,,02 000000,,
;0400000000004062,40001000,,,,02 000000,,
;05000000011000
;030,14,00000000000000000,220228,220301,,,,9102         ,,
;0400000000010540,40001000,,,,02 000000,,
;0400000000010692,40001000,,,,02 000000,,
;0400000000011125,40001000,,,,02 000000,,
;0400000000011164,40002000,,,,02 000000,,
;0400000000011165,40002000,,,,02 000000,,
;0400000000011354,40008000,,,,02 000000,,
;0400000000011397,40001000,,,,02 000000,,
;0400000000011820,40002000,,,,02 000000,,
;0400000000011922,40001000,,,,02 000000,,
;0400000000011928,40004000,,,,02 000000,,
;0400000000014052,40001000,,,,02 000000,,
;0400000000014281,40001000,,,,02 000000,,
;0400000000014282,40001000,,,,02 000000,,
;0400000000014283,40001000,,,,02 000000,,
;0400000000014451,40001000,,,,02 000000,,
;0400000000014670,40002000,,,,02 000000,,
;0400000000014673,40002000,,,,02 000000,,
;0400000000014784,40001000,,,,02 000000,,
;05000000033000
;030,14,00000000000000000,220228,220301,,,,1613         ,,
;0400000000007006,40005000,,,,02 000000,,
;0400000000000317,40002000,,,,02 000000,,
;0400000000000338,40001000,,,,02 000000,,
;0400000000001073,40003000,,,,02 000000,,
;0400000000001077,40010000,,,,02 000000,,
;0400000000000241,40007000,,,,02 000000,,
;0400000000000243,40007000,,,,02 000000,,
;0400000000000381,40001000,,,,02 000000,,
;0400000000000385,40002000,,,,02 000000,,
;0400000000000406,40001000,,,,02 000000,,
;0400000000000235,40010000,,,,02 000000,,
;0400000000007453,40003000,,,,02 000000,,
;0400000000004012,40001000,,,,02 000000,,
;0400000000004062,40001000,,,,02 000000,,
;05000000054000
;030,14,00000000000000000,220228,220301,,,,9104         ,,
;0400000000010406,40001000,,,,02 000000,,
;0400000000011170,40001000,,,,02 000000,,
;0400000000011354,40036000,,,,02 000000,,
;0400000000012038,40001000,,,,02 000000,,
;0400000000012039,40001000,,,,02 000000,,
;0400000000012041,40001000,,,,02 000000,,
;0400000000014451,40001000,,,,02 000000,,
;0400000000014670,40001000,,,,02 000000,,
;0400000000014755,40002000,,,,02 000000,,
;05000000045000
;030,14,00000000000000000,220228,220301,,,,1635         ,,
;0400000000007006,40002000,,,,02 000000,,
;0400000000000317,40001000,,,,02 000000,,
;0400000000000338,40001000,,,,02 000000,,
;0400000000000241,40002000,,,,02 000000,,
;0400000000000243,40002000,,,,02 000000,,
;0400000000000364,40001000,,,,02 000000,,
;0400000000000381,40001000,,,,02 000000,,
;0400000000000385,40001000,,,,02 000000,,
;0400000000000233,40002000,,,,02 000000,,
;0400000000000235,40010000,,,,02 000000,,
;0400000000007453,40002000,,,,02 000000,,
;0400000000004012,40002000,,,,02 000000,,
;05000000027000
;030,14,00000000000000000,220228,220301,,,,9108         ,,
;0400000000010275,40001000,,,,02 000000,,
;0400000000010430,40003000,,,,02 000000,,
;0400000000010501,40001000,,,,02 000000,,
;0400000000010690,40001000,,,,02 000000,,
;0400000000011117,40005000,,,,02 000000,,
;0400000000011125,40002000,,,,02 000000,,
;0400000000011354,40010000,,,,02 000000,,
;0400000000011926,40001000,,,,02 000000,,
;0400000000011928,40002000,,,,02 000000,,
;0400000000012049,40003000,,,,02 000000,,
;0400000000014685,40001000,,,,02 000000,,
;0400000000014755,40002000,,,,02 000000,,
;0400000000015025,40001000,,,,02 000000,,
;05000000033000
;030,14,00000000000000000,220228,220301,,,,3870         ,,
;0400000000007006,40002000,,,,02 000000,,
;0400000000000317,40001000,,,,02 000000,,
;0400000000000241,40006000,,,,02 000000,,
;0400000000000243,40006000,,,,02 000000,,
;0400000000000381,40001000,,,,02 000000,,
;0400000000000385,40001000,,,,02 000000,,
;0400000000007453,40004000,,,,02 000000,,
;0400000000004012,40001000,,,,02 000000,,
;05000000022000
;030,14,00000000000000000,220228,220301,,,,9192         ,,
;0400000000010205,40008000,,,,02 000000,,
;0400000000010255,40001000,,,,02 000000,,
;0400000000010501,40001000,,,,02 000000,,
;0400000000010689,40008000,,,,02 000000,,
;0400000000011117,40008000,,,,02 000000,,
;0400000000011397,40002000,,,,02 000000,,
;0400000000011658,40001000,,,,02 000000,,
;0400000000011820,40001000,,,,02 000000,,
;0400000000011922,40001000,,,,02 000000,,
;0400000000011929,40001000,,,,02 000000,,
;0400000000011932,40001000,,,,02 000000,,
;0400000000011988,40001000,,,,02 000000,,
;0400000000012049,40002000,,,,02 000000,,
;0400000000014755,40001000,,,,02 000000,,
;0400000000015304,40001000,,,,02 000000,,
;0400000000015305,40001000,,,,02 000000,,
;05000000039000
;030,14,00000000000000000,220228,220301,,,,3862         ,,
;0400000000000317,40003000,,,,02 000000,,
;0400000000000338,40001000,,,,02 000000,,
;0400000000001073,40004000,,,,02 000000,,
;0400000000001077,40012000,,,,02 000000,,
;0400000000000241,40004000,,,,02 000000,,
;0400000000000243,40004000,,,,02 000000,,
;0400000000000381,40001000,,,,02 000000,,
;0400000000000385,40001000,,,,02 000000,,
;0400000000000406,40001000,,,,02 000000,,
;0400000000000235,40010000,,,,02 000000,,
;0400000000007453,40009000,,,,02 000000,,
;0400000000004012,40001000,,,,02 000000,,
;05000000051000
;030,14,00000000000000000,220228,220301,,,,9193         ,,
;0400000000010501,40001000,,,,02 000000,,
;0400000000010627,40001000,,,,02 000000,,
;0400000000010690,40001000,,,,02 000000,,
;0400000000011117,40002000,,,,02 000000,,
;0400000000011125,40002000,,,,02 000000,,
;0400000000011397,40001000,,,,02 000000,,
;0400000000011922,40001000,,,,02 000000,,
;0400000000012049,40002000,,,,02 000000,,
;0400000000014281,40001000,,,,02 000000,,
;0400000000014282,40001000,,,,02 000000,,
;0400000000014283,40001000,,,,02 000000,,
;0400000000014755,40001000,,,,02 000000,,
;0400000000015098,40001000,,,,02 000000,,
;0400000000015111,40001000,,,,02 000000,,
;0400000000015180,40001000,,,,02 000000,,
;0400000000015288,40002000,,,,02 000000,,
;05000000020000
;030,14,00000000000000000,220228,220301,,,,3861         ,,
;0400000000007006,40004000,,,,02 000000,,
;0400000000000317,40002000,,,,02 000000,,
;0400000000000338,40001000,,,,02 000000,,
;0400000000001073,40005000,,,,02 000000,,
;0400000000001077,40020000,,,,02 000000,,
;0400000000000241,40010000,,,,02 000000,,
;0400000000000243,40010000,,,,02 000000,,
;0400000000000364,40001000,,,,02 000000,,
;0400000000000381,40001000,,,,02 000000,,
;0400000000000385,40001000,,,,02 000000,,
;0400000000000406,40001000,,,,02 000000,,
;0400000000000233,40004000,,,,02 000000,,
;0400000000000235,40006000,,,,02 000000,,
;0400000000007453,40003000,,,,02 000000,,
;0400000000004012,40001000,,,,02 000000,,
;0400000000004062,40001000,,,,02 000000,,
;05000000071000
;030,14,00000000000000000,220228,220301,,,,9149         ,,
;0400000000010275,40001000,,,,02 000000,,
;0400000000010344,40001000,,,,02 000000,,
;0400000000010501,40001000,,,,02 000000,,
;0400000000010540,40005000,,,,02 000000,,
;0400000000010686,40006000,,,,02 000000,,
;0400000000010690,40002000,,,,02 000000,,
;0400000000011117,40005000,,,,02 000000,,
;0400000000011125,40002000,,,,02 000000,,
;0400000000011160,40001000,,,,02 000000,,
;0400000000011186,40003000,,,,02 000000,,
;0400000000011523,40001000,,,,02 000000,,
;0400000000011922,40002000,,,,02 000000,,
;0400000000011928,40005000,,,,02 000000,,
;0400000000011932,40001000,,,,02 000000,,
;0400000000012034,40001000,,,,02 000000,,
;0400000000014755,40004000,,,,02 000000,,
;0400000000014784,40001000,,,,02 000000,,
;0400000000015022,40001000,,,,02 000000,,
;0400000000015025,40001000,,,,02 000000,,
;0400000000015057,40003000,,,,02 000000,,
;05000000047000
;030,14,00000000000000000,220228,220301,,,,3733         ,,
;0400000000000317,40001000,,,,02 000000,,
;0400000000001073,40005000,,,,02 000000,,
;0400000000001077,40010000,,,,02 000000,,
;0400000000000241,40010000,,,,02 000000,,
;0400000000000243,40010000,,,,02 000000,,
;0400000000000381,40001000,,,,02 000000,,
;0400000000000385,40001000,,,,02 000000,,
;0400000000000406,40001000,,,,02 000000,,
;0400000000000233,40010000,,,,02 000000,,
;0400000000000235,40010000,,,,02 000000,,
;0400000000007453,40003000,,,,02 000000,,
;0400000000004012,40001000,,,,02 000000,,
;0400000000004062,40001000,,,,02 000000,,
;05000000064000
;030,14,00000000000000000,220228,220301,,,,9150         ,,
;0400000000010205,40001000,,,,02 000000,,
;0400000000010430,40001000,,,,02 000000,,
;0400000000010501,40001000,,,,02 000000,,
;0400000000010540,40001000,,,,02 000000,,
;0400000000010690,40002000,,,,02 000000,,
;0400000000011117,40004000,,,,02 000000,,
;0400000000011125,40001000,,,,02 000000,,
;0400000000011160,40001000,,,,02 000000,,
;0400000000011164,40001000,,,,02 000000,,
;0400000000011186,40003000,,,,02 000000,,
;0400000000011187,40001000,,,,02 000000,,
;0400000000011354,40015000,,,,02 000000,,
;0400000000011397,40001000,,,,02 000000,,
;0400000000011658,40001000,,,,02 000000,,
;0400000000011820,40002000,,,,02 000000,,
;0400000000011922,40001000,,,,02 000000,,
;0400000000011926,40001000,,,,02 000000,,
;0400000000012034,40001000,,,,02 000000,,
;0400000000014451,40001000,,,,02 000000,,
;0400000000014755,40002000,,,,02 000000,,
;0400000000015016,40001000,,,,02 000000,,
;0400000000015115,40001000,,,,02 000000,,
;0400000000015119,40001000,,,,02 000000,,
;0400000000015288,40001000,,,,02 000000,,
;0400000000015305,40001000,,,,02 000000,,
;05000000047000
;030,14,00000000000000000,220228,220301,,,,3735         ,,
;0400000000007006,40005000,,,,02 000000,,
;0400000000000317,40003000,,,,02 000000,,
;0400000000000338,40001000,,,,02 000000,,
;0400000000001073,40005000,,,,02 000000,,
;0400000000001077,40020000,,,,02 000000,,
;0400000000000241,40012000,,,,02 000000,,
;0400000000000243,40008000,,,,02 000000,,
;0400000000000381,40002000,,,,02 000000,,
;0400000000000385,40004000,,,,02 000000,,
;0400000000000406,40002000,,,,02 000000,,
;0400000000000233,40005000,,,,02 000000,,
;0400000000000235,40005000,,,,02 000000,,
;0400000000007453,40010000,,,,02 000000,,
;0400000000004012,40002000,,,,02 000000,,
;0400000000004062,40001000,,,,02 000000,,
;05000000085000
;030,14,00000000000000000,220228,220301,,,,9151         ,,
;0400000000010205,40002000,,,,02 000000,,
;0400000000010255,40001000,,,,02 000000,,
;0400000000010430,40003000,,,,02 000000,,
;0400000000010501,40001000,,,,02 000000,,
;0400000000010540,40001000,,,,02 000000,,
;0400000000011117,40002000,,,,02 000000,,
;0400000000011164,40002000,,,,02 000000,,
;0400000000011165,40001000,,,,02 000000,,
;0400000000011186,40002000,,,,02 000000,,
;0400000000011187,40001000,,,,02 000000,,
;0400000000011354,40008000,,,,02 000000,,
;0400000000011397,40001000,,,,02 000000,,
;0400000000011523,40001000,,,,02 000000,,
;0400000000011820,40002000,,,,02 000000,,
;0400000000011926,40001000,,,,02 000000,,
;0400000000011928,40002000,,,,02 000000,,
;0400000000011932,40001000,,,,02 000000,,
;0400000000012049,40002000,,,,02 000000,,
;0400000000012055,40001000,,,,02 000000,,
;0400000000012056,40001000,,,,02 000000,,
;0400000000014670,40002000,,,,02 000000,,
;0400000000015180,40002000,,,,02 000000,,
;0400000000015181,40002000,,,,02 000000,,
;05000000042000
;030,14,00000000000000000,220228,220301,,,,3737         ,,
;0400000000007006,40002000,,,,02 000000,,
;0400000000000317,40002000,,,,02 000000,,
;0400000000000338,40001000,,,,02 000000,,
;0400000000001073,40008000,,,,02 000000,,
;0400000000001077,40020000,,,,02 000000,,
;0400000000000241,40008000,,,,02 000000,,
;0400000000000243,40008000,,,,02 000000,,
;0400000000000381,40002000,,,,02 000000,,
;0400000000000385,40002000,,,,02 000000,,
;0400000000000406,40002000,,,,02 000000,,
;0400000000000233,40005000,,,,02 000000,,
;0400000000007453,40006000,,,,02 000000,,
;0400000000004012,40001000,,,,02 000000,,
;05000000067000
;030,14,00000000000000000,220228,220301,,,,9211         ,,
;0400000000010686,40002000,,,,02 000000,,
;0400000000011117,40003000,,,,02 000000,,
;0400000000011164,40001000,,,,02 000000,,
;0400000000011397,40001000,,,,02 000000,,
;0400000000011922,40002000,,,,02 000000,,
;0400000000011929,40001000,,,,02 000000,,
;0400000000012049,40001000,,,,02 000000,,
;0400000000014680,40001000,,,,02 000000,,
;05000000012000
;030,14,00000000000000000,220228,220301,,,,3872         ,,
;0400000000000338,40001000,,,,02 000000,,
;0400000000001077,40010000,,,,02 000000,,
;0400000000000241,40003000,,,,02 000000,,
;0400000000000243,40003000,,,,02 000000,,
;0400000000000381,40001000,,,,02 000000,,
;0400000000000385,40001000,,,,02 000000,,
;0400000000000406,40001000,,,,02 000000,,
;0400000000000235,40003000,,,,02 000000,,
;0400000000007453,40002000,,,,02 000000,,
;0400000000004012,40002000,,,,02 000000,,
;05000000027000
;030,14,00000000000000000,220228,220301,,,,9110         ,,
;0400000000010501,40001000,,,,02 000000,,
;0400000000011117,40002000,,,,02 000000,,
;0400000000011179,40001000,,,,02 000000,,
;0400000000011397,40001000,,,,02 000000,,
;0400000000011820,40003000,,,,02 000000,,
;0400000000014673,40001000,,,,02 000000,,
;0400000000014755,40001000,,,,02 000000,,
;0400000000015022,40002000,,,,02 000000,,
;0400000000015181,40002000,,,,02 000000,,
;0400000000015261,40001000,,,,02 000000,,
;05000000015000
;030,14,00000000000000000,220228,220301,,,,1647         ,,
;0400000000007006,40003000,,,,02 000000,,
;0400000000000317,40001000,,,,02 000000,,
;0400000000000338,40001000,,,,02 000000,,
;0400000000001077,40015000,,,,02 000000,,
;0400000000000241,40004000,,,,02 000000,,
;0400000000000243,40004000,,,,02 000000,,
;0400000000000381,40001000,,,,02 000000,,
;0400000000000385,40001000,,,,02 000000,,
;0400000000000406,40002000,,,,02 000000,,
;0400000000007453,40003000,,,,02 000000,,
;0400000000004012,40001000,,,,02 000000,,
;0400000000004062,40001000,,,,02 000000,,
;05000000037000
;030,14,00000000000000000,220228,220301,,,,9212         ,,
;0400000000010344,40001000,,,,02 000000,,
;0400000000010430,40003000,,,,02 000000,,
;0400000000010690,40001000,,,,02 000000,,
;0400000000011117,40006000,,,,02 000000,,
;0400000000011125,40004000,,,,02 000000,,
;0400000000011354,40005000,,,,02 000000,,
;0400000000011397,40001000,,,,02 000000,,
;0400000000011922,40001000,,,,02 000000,,
;0400000000011926,40001000,,,,02 000000,,
;0400000000011928,40003000,,,,02 000000,,
;0400000000011929,40001000,,,,02 000000,,
;0400000000012049,40002000,,,,02 000000,,
;0400000000014052,40001000,,,,02 000000,,
;05000000030000
;030,14,00000000000000000,220228,220301,,,,3873         ,,
;0400000000001073,40010000,,,,02 000000,,
;0400000000001077,40010000,,,,02 000000,,
;0400000000000241,40010000,,,,02 000000,,
;0400000000000243,40010000,,,,02 000000,,
;0400000000000364,40002000,,,,02 000000,,
;0400000000000381,40001000,,,,02 000000,,
;0400000000000385,40001000,,,,02 000000,,
;0400000000007453,40006000,,,,02 000000,,
;0400000000004012,40001000,,,,02 000000,,
;05000000051000
;030,14,00000000000000000,220228,220301,,,,9113         ,,
;0400000000010344,40001000,,,,02 000000,,
;0400000000010501,40002000,,,,02 000000,,
;0400000000010540,40001000,,,,02 000000,,
;0400000000010692,40001000,,,,02 000000,,
;0400000000011117,40008000,,,,02 000000,,
;0400000000011125,40002000,,,,02 000000,,
;0400000000011186,40001000,,,,02 000000,,
;0400000000011820,40002000,,,,02 000000,,
;0400000000011922,40001000,,,,02 000000,,
;0400000000011925,40001000,,,,02 000000,,
;0400000000012049,40002000,,,,02 000000,,
;0400000000014052,40001000,,,,02 000000,,
;0400000000014658,40002000,,,,02 000000,,
;0400000000014670,40001000,,,,02 000000,,
;0400000000014673,40001000,,,,02 000000,,
;0400000000015022,40001000,,,,02 000000,,
;0400000000015323,40001000,,,,02 000000,,
;05000000029000
;030,14,00000000000000000,220228,220301,,,,1655         ,,
;0400000000007006,40005000,,,,02 000000,,
;0400000000000317,40001000,,,,02 000000,,
;0400000000000338,40001000,,,,02 000000,,
;0400000000001073,40006000,,,,02 000000,,
;0400000000001077,40020000,,,,02 000000,,
;0400000000000241,40006000,,,,02 000000,,
;0400000000000243,40006000,,,,02 000000,,
;0400000000000381,40002000,,,,02 000000,,
;0400000000000385,40001000,,,,02 000000,,
;0400000000000406,40001000,,,,02 000000,,
;0400000000007453,40012000,,,,02 000000,,
;0400000000004012,40001000,,,,02 000000,,
;0400000000004062,40001000,,,,02 000000,,
;05000000063000
;030,14,00000000000000000,220228,220301,,,,9153         ,,
;0400000000010501,40001000,,,,02 000000,,
;0400000000010686,40002000,,,,02 000000,,
;0400000000011117,40003000,,,,02 000000,,
;0400000000011160,40001000,,,,02 000000,,
;0400000000011179,40001000,,,,02 000000,,
;0400000000011183,40001000,,,,02 000000,,
;0400000000011820,40002000,,,,02 000000,,
;0400000000012038,40001000,,,,02 000000,,
;0400000000014281,40001000,,,,02 000000,,
;0400000000014282,40001000,,,,02 000000,,
;0400000000014283,40001000,,,,02 000000,,
;0400000000014505,40001000,,,,02 000000,,
;0400000000015095,40001000,,,,02 000000,,
;0400000000015098,40002000,,,,02 000000,,
;0400000000015112,40001000,,,,02 000000,,
;0400000000015181,40001000,,,,02 000000,,
;0400000000015305,40001000,,,,02 000000,,
;0400000000015323,40001000,,,,02 000000,,
;05000000023000
;030,14,00000000000000000,220228,220301,,,,3741         ,,
;0400000000007006,40001000,,,,02 000000,,
;0400000000000317,40001000,,,,02 000000,,
;0400000000001077,40008000,,,,02 000000,,
;0400000000000241,40006000,,,,02 000000,,
;0400000000000243,40006000,,,,02 000000,,
;0400000000000381,40001000,,,,02 000000,,
;0400000000000385,40001000,,,,02 000000,,
;0400000000000406,40001000,,,,02 000000,,
;0400000000007453,40002000,,,,02 000000,,
;0400000000004012,40001000,,,,02 000000,,
;0400000000004062,40001000,,,,02 000000,,
;05000000029000
;030,14,00000000000000000,220228,220301,,,,9115         ,,
;0400000000011117,40008000,,,,02 000000,,
;0400000000011129,40001000,,,,02 000000,,
;0400000000011164,40003000,,,,02 000000,,
;0400000000011165,40002000,,,,02 000000,,
;0400000000011354,40010000,,,,02 000000,,
;0400000000011415,40003000,,,,02 000000,,
;0400000000011418,40001000,,,,02 000000,,
;0400000000011932,40001000,,,,02 000000,,
;0400000000014281,40001000,,,,02 000000,,
;0400000000014282,40003000,,,,02 000000,,
;0400000000014283,40002000,,,,02 000000,,
;0400000000014755,40003000,,,,02 000000,,
;0400000000014887,40001000,,,,02 000000,,
;0400000000015023,40001000,,,,02 000000,,
;0400000000015111,40001000,,,,02 000000,,
;0400000000015305,40001000,,,,02 000000,,
;05000000042000
;030,14,00000000000000000,220228,220301,,,,1661         ,,
;0400000000007006,40003000,,,,02 000000,,
;0400000000001077,40010000,,,,02 000000,,
;05000000013000
;030,14,00000000000000000,220228,220301,,,,1667         ,,
;0400000000007006,40003000,,,,02 000000,,
;0400000000000317,40001000,,,,02 000000,,
;0400000000001077,40003000,,,,02 000000,,
;0400000000000241,40005000,,,,02 000000,,
;0400000000000243,40005000,,,,02 000000,,
;0400000000000381,40001000,,,,02 000000,,
;0400000000000406,40001000,,,,02 000000,,
;0400000000000233,40005000,,,,02 000000,,
;0400000000004012,40001000,,,,02 000000,,
;0400000000004062,40001000,,,,02 000000,,
;05000000026000
;030,14,00000000000000000,220228,220301,,,,9167         ,,
;0400000000011117,40006000,,,,02 000000,,
;0400000000011820,40001000,,,,02 000000,,
;0400000000011929,40002000,,,,02 000000,,
;0400000000011932,40001000,,,,02 000000,,
;0400000000014281,40001000,,,,02 000000,,
;0400000000014282,40001000,,,,02 000000,,
;0400000000014283,40001000,,,,02 000000,,
;0400000000014673,40001000,,,,02 000000,,
;0400000000014680,40001000,,,,02 000000,,
;0400000000015111,40001000,,,,02 000000,,
;0400000000015179,40001000,,,,02 000000,,
;0400000000015180,40001000,,,,02 000000,,
;0400000000015181,40001000,,,,02 000000,,
;05000000019000
;030,14,00000000000000000,220228,220301,,,,3767         ,,
;0400000000001077,40015000,,,,02 000000,,
;0400000000000241,40003000,,,,02 000000,,
;0400000000000243,40003000,,,,02 000000,,
;0400000000000381,40001000,,,,02 000000,,
;0400000000000385,40001000,,,,02 000000,,
;0400000000000406,40001000,,,,02 000000,,
;0400000000007453,40003000,,,,02 000000,,
;0400000000004012,40001000,,,,02 000000,,
;05000000028000
;030,14,00000000000000000,220228,220301,,,,1671         ,,
;0400000000000235,40010000,,,,02 000000,,
;0400000000000241,40008000,,,,02 000000,,
;0400000000000243,40008000,,,,02 000000,,
;0400000000000317,40002000,,,,02 000000,,
;0400000000000338,40001000,,,,02 000000,,
;0400000000000364,40002000,,,,02 000000,,
;0400000000000381,40002000,,,,02 000000,,
;0400000000000385,40002000,,,,02 000000,,
;0400000000000406,40001000,,,,02 000000,,
;0400000000001077,40022000,,,,02 000000,,
;0400000000004012,40001000,,,,02 000000,,
;0400000000004062,40001000,,,,02 000000,,
;05000000060000
;030,14,00000000000000000,220228,220301,,,,9118         ,,
;0400000000010205,40005000,,,,02 000000,,
;0400000000010501,40001000,,,,02 000000,,
;0400000000010686,40002000,,,,02 000000,,
;0400000000011125,40001000,,,,02 000000,,
;0400000000011397,40002000,,,,02 000000,,
;0400000000011658,40001000,,,,02 000000,,
;0400000000011926,40001000,,,,02 000000,,
;0400000000012034,40001000,,,,02 000000,,
;05000000014000
;030,14,00000000000000000,220228,220301,,,,9191         ,,
;0400000000010501,40001000,,,,02 000000,,
;0400000000010690,40003000,,,,02 000000,,
;0400000000011125,40002000,,,,02 000000,,
;0400000000011179,40001000,,,,02 000000,,
;0400000000011186,40006000,,,,02 000000,,
;0400000000011187,40002000,,,,02 000000,,
;0400000000011354,40030000,,,,02 000000,,
;0400000000011397,40002000,,,,02 000000,,
;0400000000011522,40002000,,,,02 000000,,
;0400000000011524,40002000,,,,02 000000,,
;0400000000011922,40001000,,,,02 000000,,
;0400000000011928,40006000,,,,02 000000,,
;0400000000011929,40001000,,,,02 000000,,
;0400000000012039,40001000,,,,02 000000,,
;0400000000012049,40002000,,,,02 000000,,
;0400000000012633,40002000,,,,02 000000,,
;0400000000012966,40020000,,,,02 000000,,
;0400000000014282,40002000,,,,02 000000,,
;0400000000014283,40001000,,,,02 000000,,
;0400000000014670,40001000,,,,02 000000,,
;0400000000014673,40001000,,,,02 000000,,
;0400000000014680,40001000,,,,02 000000,,
;0400000000014887,40001000,,,,02 000000,,
;0400000000015098,40001000,,,,02 000000,,
;0400000000015180,40004000,,,,02 000000,,
;0400000000015181,40004000,,,,02 000000,,
;0400000000015288,40001000,,,,02 000000,,
;05000000101000
;030,14,00000000000000000,220228,220301,,,,3859         ,,
;0400000000001077,40008000,,,,02 000000,,
;0400000000000241,40007000,,,,02 000000,,
;0400000000000243,40007000,,,,02 000000,,
;0400000000000364,40002000,,,,02 000000,,
;0400000000000381,40001000,,,,02 000000,,
;0400000000000406,40001000,,,,02 000000,,
;0400000000000235,40008000,,,,02 000000,,
;0400000000004012,40001000,,,,02 000000,,
;0400000000004062,40001000,,,,02 000000,,
;05000000036000
;030,14,00000000000000000,220228,220301,,,,9119         ,,
;0400000000011117,40010000,,,,02 000000,,
;0400000000011397,40002000,,,,02 000000,,
;0400000000011658,40002000,,,,02 000000,,
;0400000000011926,40001000,,,,02 000000,,
;0400000000011932,40001000,,,,02 000000,,
;0400000000011997,40001000,,,,02 000000,,
;05000000017000
;030,14,00000000000000000,220228,220301,,,,1678         ,,
;0400000000000317,40001000,,,,02 000000,,
;0400000000000338,40001000,,,,02 000000,,
;0400000000001077,40030000,,,,02 000000,,
;0400000000000241,40010000,,,,02 000000,,
;0400000000000243,40010000,,,,02 000000,,
;0400000000000381,40001000,,,,02 000000,,
;0400000000000385,40002000,,,,02 000000,,
;0400000000000406,40001000,,,,02 000000,,
;0400000000007453,40006000,,,,02 000000,,
;0400000000004012,40001000,,,,02 000000,,
;0400000000004062,40001000,,,,02 000000,,
;05000000064000
;030,14,00000000000000000,220228,220301,,,,9209         ,,
;0400000000010430,40002000,,,,02 000000,,
;0400000000010501,40001000,,,,02 000000,,
;0400000000011354,40006000,,,,02 000000,,
;0400000000014505,40001000,,,,02 000000,,
;0400000000014680,40001000,,,,02 000000,,
;0400000000015020,40002000,,,,02 000000,,
;0400000000015021,40001000,,,,02 000000,,
;0400000000015037,40005000,,,,02 000000,,
;0400000000015081,40001000,,,,02 000000,,
;05000000020000
;030,14,00000000000000000,220228,220301,,,,3871         ,,
;0400000000007006,40002000,,,,02 000000,,
;0400000000000317,40001000,,,,02 000000,,
;0400000000000241,40008000,,,,02 000000,,
;0400000000000243,40008000,,,,02 000000,,
;0400000000000381,40001000,,,,02 000000,,
;0400000000000385,40001000,,,,02 000000,,
;0400000000007453,40009000,,,,02 000000,,
;0400000000004012,40001000,,,,02 000000,,
;0400000000004062,40001000,,,,02 000000,,
;05000000032000
;030,14,00000000000000000,220228,220301,,,,9121         ,,
;0400000000014281,40001000,,,,02 000000,,
;0400000000014282,40001000,,,,02 000000,,
;0400000000014451,40001000,,,,02 000000,,
;0400000000014804,40001000,,,,02 000000,,
;0400000000015023,40001000,,,,02 000000,,
;0400000000015025,40001000,,,,02 000000,,
;0400000000015180,40002000,,,,02 000000,,
;05000000008000
;030,14,00000000000000000,220228,220301,,,,1683         ,,
;0400000000000241,40003000,,,,02 000000,,
;0400000000000243,40003000,,,,02 000000,,
;05000000006000
;030,14,00000000000000000,220228,220301,,,,9122         ,,
;0400000000011117,40002000,,,,02 000000,,
;0400000000011125,40002000,,,,02 000000,,
;0400000000011129,40001000,,,,02 000000,,
;0400000000011164,40001000,,,,02 000000,,
;0400000000011165,40001000,,,,02 000000,,
;0400000000014281,40001000,,,,02 000000,,
;0400000000014282,40002000,,,,02 000000,,
;0400000000014673,40001000,,,,02 000000,,
;0400000000014680,40001000,,,,02 000000,,
;0400000000015075,40002000,,,,02 000000,,
;0400000000015111,40001000,,,,02 000000,,
;0400000000015180,40001000,,,,02 000000,,
;0400000000015272,40004000,,,,02 000000,,
;05000000020000
;030,14,00000000000000000,220228,220301,,,,1686         ,,
;0400000000001077,40008000,,,,02 000000,,
;0400000000000241,40010000,,,,02 000000,,
;0400000000000243,40010000,,,,02 000000,,
;0400000000000381,40002000,,,,02 000000,,
;0400000000000385,40003000,,,,02 000000,,
;0400000000000233,40010000,,,,02 000000,,
;0400000000000235,40010000,,,,02 000000,,
;0400000000007453,40006000,,,,02 000000,,
;0400000000004062,40001000,,,,02 000000,,
;05000000060000
;030,14,00000000000000000,220228,220301,,,,9123         ,,
;0400000000010344,40001000,,,,02 000000,,
;0400000000010501,40001000,,,,02 000000,,
;0400000000011117,40006000,,,,02 000000,,
;0400000000011125,40002000,,,,02 000000,,
;0400000000011354,40010000,,,,02 000000,,
;0400000000011397,40002000,,,,02 000000,,
;0400000000011658,40001000,,,,02 000000,,
;0400000000011820,40002000,,,,02 000000,,
;0400000000012049,40001000,,,,02 000000,,
;05000000026000
;030,14,00000000000000000,220228,220301,,,,1631         ,,
;0400000000007006,40003000,,,,02 000000,,
;0400000000000317,40001000,,,,02 000000,,
;0400000000000338,40001000,,,,02 000000,,
;0400000000001077,40020000,,,,02 000000,,
;0400000000000241,40004000,,,,02 000000,,
;0400000000000243,40004000,,,,02 000000,,
;0400000000000381,40001000,,,,02 000000,,
;0400000000000385,40001000,,,,02 000000,,
;0400000000000406,40001000,,,,02 000000,,
;0400000000000233,40006000,,,,02 000000,,
;0400000000007453,40003000,,,,02 000000,,
;0400000000004012,40001000,,,,02 000000,,
;0400000000004062,40001000,,,,02 000000,,
;05000000047000
;030,14,00000000000000000,220228,220301,,,,9124         ,,
;0400000000014281,40005000,,,,02 000000,,
;0400000000014282,40002000,,,,02 000000,,
;0400000000014283,40002000,,,,02 000000,,
;05000000009000
;030,14,00000000000000000,220228,220301,,,,1633         ,,
;0400000000007006,40010000,,,,02 000000,,
;0400000000000317,40004000,,,,02 000000,,
;0400000000000338,40001000,,,,02 000000,,
;0400000000001077,40010000,,,,02 000000,,
;0400000000000241,40006000,,,,02 000000,,
;0400000000000243,40006000,,,,02 000000,,
;0400000000000381,40002000,,,,02 000000,,
;0400000000000385,40001000,,,,02 000000,,
;0400000000000406,40002000,,,,02 000000,,
;0400000000000235,40010000,,,,02 000000,,
;0400000000007453,40006000,,,,02 000000,,
;0400000000004012,40003000,,,,02 000000,,
;0400000000004062,40002000,,,,02 000000,,
;05000000063000
;030,14,00000000000000000,220228,220301,,,,9126         ,,
;0400000000010689,40006000,,,,02 000000,,
;0400000000011354,40020000,,,,02 000000,,
;0400000000011658,40001000,,,,02 000000,,
;0400000000011820,40001000,,,,02 000000,,
;0400000000011932,40001000,,,,02 000000,,
;05000000029000
;030,14,00000000000000000,220228,220301,,,,1688         ,,
;0400000000007006,40010000,,,,02 000000,,
;0400000000000317,40003000,,,,02 000000,,
;0400000000000338,40003000,,,,02 000000,,
;0400000000001073,40006000,,,,02 000000,,
;0400000000001077,40020000,,,,02 000000,,
;0400000000000241,40012000,,,,02 000000,,
;0400000000000243,40012000,,,,02 000000,,
;0400000000000364,40001000,,,,02 000000,,
;0400000000000381,40003000,,,,02 000000,,
;0400000000000385,40002000,,,,02 000000,,
;0400000000000406,40003000,,,,02 000000,,
;0400000000000235,40020000,,,,02 000000,,
;0400000000007453,40011000,,,,02 000000,,
;0400000000004012,40003000,,,,02 000000,,
;0400000000004062,40002000,,,,02 000000,,
;05000000111000
;030,14,00000000000000000,220228,220301,,,,9127         ,,
;0400000000010430,40001000,,,,02 000000,,
;0400000000010501,40001000,,,,02 000000,,
;0400000000011117,40002000,,,,02 000000,,
;0400000000011145,40002000,,,,02 000000,,
;0400000000011179,40001000,,,,02 000000,,
;0400000000011397,40001000,,,,02 000000,,
;0400000000011415,40003000,,,,02 000000,,
;0400000000011820,40003000,,,,02 000000,,
;0400000000011922,40001000,,,,02 000000,,
;0400000000011926,40001000,,,,02 000000,,
;0400000000012034,40001000,,,,02 000000,,
;0400000000012049,40001000,,,,02 000000,,
;0400000000014281,40001000,,,,02 000000,,
;0400000000014282,40001000,,,,02 000000,,
;0400000000014283,40001000,,,,02 000000,,
;0400000000014755,40001000,,,,02 000000,,
;05000000022000
;030,14,00000000000000000,220228,220301,,,,1663         ,,
;0400000000007006,40003000,,,,02 000000,,
;0400000000000317,40001000,,,,02 000000,,
;0400000000001077,40012000,,,,02 000000,,
;0400000000000241,40005000,,,,02 000000,,
;0400000000000243,40005000,,,,02 000000,,
;0400000000000381,40002000,,,,02 000000,,
;0400000000000385,40002000,,,,02 000000,,
;0400000000000406,40001000,,,,02 000000,,
;0400000000000235,40010000,,,,02 000000,,
;0400000000007453,40003000,,,,02 000000,,
;0400000000004012,40001000,,,,02 000000,,
;0400000000004062,40001000,,,,02 000000,,
;05000000046000
;030,14,00000000000000000,220228,220301,,,,9194         ,,
;0400000000010205,40001000,,,,02 000000,,
;0400000000010686,40002000,,,,02 000000,,
;0400000000010690,40002000,,,,02 000000,,
;0400000000011117,40004000,,,,02 000000,,
;0400000000011125,40002000,,,,02 000000,,
;0400000000011179,40001000,,,,02 000000,,
;0400000000011820,40002000,,,,02 000000,,
;0400000000011928,40002000,,,,02 000000,,
;0400000000011929,40002000,,,,02 000000,,
;0400000000011932,40001000,,,,02 000000,,
;0400000000014755,40003000,,,,02 000000,,
;05000000022000
;030,14,00000000000000000,220228,220301,,,,3863         ,,
;0400000000007006,40001000,,,,02 000000,,
;0400000000000317,40001000,,,,02 000000,,
;0400000000001077,40006000,,,,02 000000,,
;0400000000000241,40001000,,,,02 000000,,
;0400000000000243,40001000,,,,02 000000,,
;0400000000000381,40001000,,,,02 000000,,
;0400000000000385,40001000,,,,02 000000,,
;0400000000000406,40001000,,,,02 000000,,
;0400000000000233,40006000,,,,02 000000,,
;0400000000000235,40006000,,,,02 000000,,
;0400000000007453,40003000,,,,02 000000,,
;0400000000004012,40001000,,,,02 000000,,
;0400000000004062,40001000,,,,02 000000,,
;05000000030000
;030,14,00000000000000000,220228,220301,,,,9152         ,,
;0400000000010205,40001000,,,,02 000000,,
;0400000000010255,40001000,,,,02 000000,,
;0400000000010690,40001000,,,,02 000000,,
;0400000000011117,40002000,,,,02 000000,,
;0400000000011125,40002000,,,,02 000000,,
;0400000000011354,40005000,,,,02 000000,,
;0400000000011922,40001000,,,,02 000000,,
;0400000000011926,40001000,,,,02 000000,,
;0400000000011928,40004000,,,,02 000000,,
;0400000000014451,40001000,,,,02 000000,,
;0400000000015025,40001000,,,,02 000000,,
;0400000000015111,40001000,,,,02 000000,,
;0400000000015181,40002000,,,,02 000000,,
;0400000000015272,40001000,,,,02 000000,,
;05000000024000
;030,14,00000000000000000,220228,220301,,,,3739         ,,
;0400000000001077,40004000,,,,02 000000,,
;0400000000000241,40005000,,,,02 000000,,
;0400000000000243,40005000,,,,02 000000,,
;0400000000000406,40001000,,,,02 000000,,
;0400000000000233,40005000,,,,02 000000,,
;0400000000000235,40005000,,,,02 000000,,
;05000000025000
;030,14,00000000000000000,220228,220301,,,,9103         ,,
;0400000000010205,40002000,,,,02 000000,,
;0400000000010540,40001000,,,,02 000000,,
;0400000000011820,40001000,,,,02 000000,,
;0400000000011928,40001000,,,,02 000000,,
;0400000000014505,40001000,,,,02 000000,,
;0400000000015023,40001000,,,,02 000000,,
;05000000007000
;030,14,00000000000000000,220228,220301,,,,3875         ,,
;0400000000007006,40003000,,,,02 000000,,
;0400000000000317,40003000,,,,02 000000,,
;0400000000000338,40001000,,,,02 000000,,
;0400000000001073,40005000,,,,02 000000,,
;0400000000001077,40005000,,,,02 000000,,
;0400000000000241,40008000,,,,02 000000,,
;0400000000000243,40006000,,,,02 000000,,
;0400000000000381,40001000,,,,02 000000,,
;0400000000000385,40001000,,,,02 000000,,
;0400000000000233,40005000,,,,02 000000,,
;0400000000007453,40005000,,,,02 000000,,
;0400000000004012,40001000,,,,02 000000,,
;0400000000004062,40001000,,,,02 000000,,
;05000000045000
;030,14,00000000000000000,220228,220301,,,,9137         ,,
;0400000000010288,40001000,,,,02 000000,,
;0400000000010686,40006000,,,,02 000000,,
;0400000000011186,40004000,,,,02 000000,,
;0400000000011187,40003000,,,,02 000000,,
;0400000000011354,40008000,,,,02 000000,,
;0400000000011932,40001000,,,,02 000000,,
;0400000000014281,40001000,,,,02 000000,,
;0400000000015022,40001000,,,,02 000000,,
;05000000025000
;030,14,00000000000000000,220228,220301,,,,3708         ,,
;0400000000007006,40003000,,,,02 000000,,
;0400000000001077,40010000,,,,02 000000,,
;0400000000000241,40005000,,,,02 000000,,
;0400000000000243,40005000,,,,02 000000,,
;0400000000000385,40001000,,,,02 000000,,
;0400000000000233,40003000,,,,02 000000,,
;0400000000000235,40008000,,,,02 000000,,
;0400000000007453,40004000,,,,02 000000,,
;0400000000004012,40001000,,,,02 000000,,
;0400000000004062,40001000,,,,02 000000,,
;05000000041000
;030,14,00000000000000000,220228,220301,,,,9138         ,,
;0400000000015261,40001000,,,,02 000000,,
;05000000001000
;030,14,00000000000000000,220228,220301,,,,3710         ,,
;0400000000007006,40002000,,,,02 000000,,
;0400000000000317,40002000,,,,02 000000,,
;0400000000001077,40010000,,,,02 000000,,
;0400000000000241,40004000,,,,02 000000,,
;0400000000000243,40004000,,,,02 000000,,
;0400000000000381,40001000,,,,02 000000,,
;0400000000000385,40001000,,,,02 000000,,
;0400000000000406,40001000,,,,02 000000,,
;0400000000004012,40001000,,,,02 000000,,
;0400000000004062,40001000,,,,02 000000,,
;05000000027000
;030,14,00000000000000000,220228,220301,,,,9131         ,,
;0400000000010501,40001000,,,,02 000000,,
;0400000000010686,40005000,,,,02 000000,,
;0400000000011523,40001000,,,,02 000000,,
;0400000000015290,40001000,,,,02 000000,,
;05000000008000
;030,14,00000000000000000,220228,220301,,,,1217         ,,
;0400000000007006,40004000,,,,02 000000,,
;0400000000000317,40001000,,,,02 000000,,
;0400000000000338,40001000,,,,02 000000,,
;0400000000000241,40006000,,,,02 000000,,
;0400000000000243,40008000,,,,02 000000,,
;0400000000000364,40001000,,,,02 000000,,
;0400000000000381,40002000,,,,02 000000,,
;0400000000000385,40002000,,,,02 000000,,
;0400000000000406,40001000,,,,02 000000,,
;0400000000007453,40008000,,,,02 000000,,
;0400000000004012,40001000,,,,02 000000,,
;0400000000004062,40001000,,,,02 000000,,
;05000000036000
;030,14,00000000000000000,220228,220301,,,,9143         ,,
;0400000000010501,40002000,,,,02 000000,,
;0400000000011117,40004000,,,,02 000000,,
;0400000000011160,40001000,,,,02 000000,,
;0400000000011164,40001000,,,,02 000000,,
;0400000000011179,40001000,,,,02 000000,,
;0400000000011183,40001000,,,,02 000000,,
;0400000000011186,40002000,,,,02 000000,,
;0400000000011354,40010000,,,,02 000000,,
;0400000000011397,40001000,,,,02 000000,,
;0400000000011658,40001000,,,,02 000000,,
;0400000000011820,40002000,,,,02 000000,,
;0400000000011922,40001000,,,,02 000000,,
;0400000000011925,40001000,,,,02 000000,,
;0400000000011929,40001000,,,,02 000000,,
;0400000000012966,40005000,,,,02 000000,,
;0400000000014281,40001000,,,,02 000000,,
;0400000000014282,40001000,,,,02 000000,,
;0400000000014283,40001000,,,,02 000000,,
;0400000000014451,40001000,,,,02 000000,,
;0400000000014670,40001000,,,,02 000000,,
;0400000000014673,40001000,,,,02 000000,,
;0400000000014680,40001000,,,,02 000000,,
;0400000000014755,40002000,,,,02 000000,,
;0400000000015057,40002000,,,,02 000000,,
;0400000000015111,40001000,,,,02 000000,,
;0400000000015180,40003000,,,,02 000000,,
;0400000000015185,40002000,,,,02 000000,,
;0400000000015323,40001000,,,,02 000000,,
;05000000052000
;030,14,00000000000000000,220228,220301,,,,3721         ,,
;0400000000000317,40001000,,,,02 000000,,
;0400000000000338,40001000,,,,02 000000,,
;0400000000001077,40016000,,,,02 000000,,
;0400000000000241,40006000,,,,02 000000,,
;0400000000000243,40006000,,,,02 000000,,
;0400000000000381,40001000,,,,02 000000,,
;0400000000000385,40002000,,,,02 000000,,
;0400000000000406,40002000,,,,02 000000,,
;0400000000000235,40025000,,,,02 000000,,
;0400000000007453,40006000,,,,02 000000,,
;0400000000004012,40001000,,,,02 000000,,
;0400000000004062,40001000,,,,02 000000,,
;05000000068000
;030,14,00000000000000000,220228,220301,,,,9132         ,,
;0400000000010344,40001000,,,,02 000000,,
;0400000000010501,40001000,,,,02 000000,,
;0400000000011100,40001000,,,,02 000000,,
;0400000000011117,40002000,,,,02 000000,,
;0400000000011125,40001000,,,,02 000000,,
;0400000000011179,40001000,,,,02 000000,,
;0400000000011183,40001000,,,,02 000000,,
;0400000000011186,40001000,,,,02 000000,,
;0400000000011397,40001000,,,,02 000000,,
;0400000000011523,40001000,,,,02 000000,,
;0400000000011658,40001000,,,,02 000000,,
;0400000000011820,40002000,,,,02 000000,,
;0400000000011928,40003000,,,,02 000000,,
;0400000000012049,40001000,,,,02 000000,,
;0400000000014282,40001000,,,,02 000000,,
;0400000000014670,40001000,,,,02 000000,,
;0400000000014755,40001000,,,,02 000000,,
;0400000000015111,40001000,,,,02 000000,,
;0400000000015288,40001000,,,,02 000000,,
;0400000000015323,40001000,,,,02 000000,,
;05000000024000
;030,14,00000000000000000,220228,220301,,,,1207         ,,
;0400000000007006,40002000,,,,02 000000,,
;0400000000000317,40001000,,,,02 000000,,
;0400000000000338,40001000,,,,02 000000,,
;0400000000001073,40002000,,,,02 000000,,
;0400000000001077,40016000,,,,02 000000,,
;0400000000000241,40003000,,,,02 000000,,
;0400000000000243,40005000,,,,02 000000,,
;0400000000000381,40002000,,,,02 000000,,
;0400000000000385,40001000,,,,02 000000,,
;0400000000000406,40001000,,,,02 000000,,
;0400000000007453,40003000,,,,02 000000,,
;0400000000004012,40001000,,,,02 000000,,
;0400000000004062,40001000,,,,02 000000,,
;05000000039000
;030,14,00000000000000000,220228,220301,,,,9213         ,,
;0400000000010205,40001000,,,,02 000000,,
;0400000000010255,40001000,,,,02 000000,,
;0400000000010430,40001000,,,,02 000000,,
;0400000000010501,40001000,,,,02 000000,,
;0400000000010690,40001000,,,,02 000000,,
;0400000000011117,40010000,,,,02 000000,,
;0400000000011125,40001000,,,,02 000000,,
;0400000000011354,40010000,,,,02 000000,,
;0400000000011658,40001000,,,,02 000000,,
;0400000000011922,40001000,,,,02 000000,,
;0400000000011928,40003000,,,,02 000000,,
;0400000000011997,40001000,,,,02 000000,,
;0400000000012049,40001000,,,,02 000000,,
;0400000000014281,40002000,,,,02 000000,,
;0400000000014282,40001000,,,,02 000000,,
;0400000000014283,40002000,,,,02 000000,,
;05000000038000
;030,14,00000000000000000,220228,220301,,,,3874         ,,
;0400000000007006,40003000,,,,02 000000,,
;0400000000000317,40004000,,,,02 000000,,
;0400000000000338,40001000,,,,02 000000,,
;0400000000001073,40010000,,,,02 000000,,
;0400000000001077,40015000,,,,02 000000,,
;0400000000000241,40008000,,,,02 000000,,
;0400000000000243,40008000,,,,02 000000,,
;0400000000000364,40005000,,,,02 000000,,
;0400000000000381,40004000,,,,02 000000,,
;0400000000000385,40005000,,,,02 000000,,
;0400000000000406,40004000,,,,02 000000,,
;0400000000000233,40010000,,,,02 000000,,
;0400000000000235,40010000,,,,02 000000,,
;0400000000007453,40015000,,,,02 000000,,
;0400000000004012,40002000,,,,02 000000,,
;0400000000004062,40001000,,,,02 000000,,
;05000000105000
;030,14,00000000000000000,220228,220301,,,,9140         ,,
;0400000000010501,40001000,,,,02 000000,,
;0400000000010686,40008000,,,,02 000000,,
;05000000009000
;030,14,00000000000000000,220228,220301,,,,3714         ,,
;0400000000000317,40001000,,,,02 000000,,
;0400000000001077,40008000,,,,02 000000,,
;0400000000000241,40005000,,,,02 000000,,
;0400000000000243,40005000,,,,02 000000,,
;0400000000000381,40001000,,,,02 000000,,
;0400000000007453,40002000,,,,02 000000,,
;0400000000004062,40001000,,,,02 000000,,
;05000000023000
;030,14,00000000000000000,220228,220301,,,,9170         ,,
;0400000000011164,40001000,,,,02 000000,,
;0400000000011165,40001000,,,,02 000000,,
;0400000000011186,40001000,,,,02 000000,,
;0400000000011187,40001000,,,,02 000000,,
;0400000000011988,40001000,,,,02 000000,,
;0400000000014282,40001000,,,,02 000000,,
;0400000000014283,40001000,,,,02 000000,,
;0400000000014451,40001000,,,,02 000000,,
;0400000000014670,40001000,,,,02 000000,,
;0400000000015032,40001000,,,,02 000000,,
;05000000010000
;030,14,00000000000000000,220228,220301,,,,3773         ,,
;0400000000007006,40003000,,,,02 000000,,
;0400000000000317,40001000,,,,02 000000,,
;0400000000001077,40015000,,,,02 000000,,
;0400000000000241,40005000,,,,02 000000,,
;0400000000000243,40004000,,,,02 000000,,
;0400000000000381,40002000,,,,02 000000,,
;0400000000000385,40001000,,,,02 000000,,
;0400000000000406,40001000,,,,02 000000,,
;0400000000004062,40001000,,,,02 000000,,
;05000000033000
;030,14,00000000000000000,220228,220301,,,,9195         ,,
;0400000000010344,40001000,,,,02 000000,,
;0400000000010627,40001000,,,,02 000000,,
;0400000000011125,40001000,,,,02 000000,,
;0400000000011186,40006000,,,,02 000000,,
;0400000000011354,40006000,,,,02 000000,,
;0400000000011397,40002000,,,,02 000000,,
;0400000000011820,40003000,,,,02 000000,,
;0400000000011922,40001000,,,,02 000000,,
;0400000000011928,40002000,,,,02 000000,,
;0400000000011929,40001000,,,,02 000000,,
;0400000000011997,40001000,,,,02 000000,,
;0400000000012049,40002000,,,,02 000000,,
;0400000000014673,40002000,,,,02 000000,,
;05000000029000
;030,14,00000000000000000,220228,220301,,,,3864         ,,
;0400000000007006,40004000,,,,02 000000,,
;0400000000000338,40001000,,,,02 000000,,
;0400000000001077,40024000,,,,02 000000,,
;0400000000000241,40007000,,,,02 000000,,
;0400000000000243,40006000,,,,02 000000,,
;0400000000000364,40001000,,,,02 000000,,
;0400000000000381,40001000,,,,02 000000,,
;0400000000000385,40002000,,,,02 000000,,
;0400000000000406,40001000,,,,02 000000,,
;0400000000007453,40006000,,,,02 000000,,
;0400000000004012,40001000,,,,02 000000,,
;0400000000004062,40001000,,,,02 000000,,
;05000000055000
;030,14,00000000000000000,220228,220301,,,,9214         ,,
;0400000000011125,40002000,,,,02 000000,,
;0400000000012633,40001000,,,,02 000000,,
;0400000000012966,40010000,,,,02 000000,,
;0400000000015025,40001000,,,,02 000000,,
;0400000000015037,40005000,,,,02 000000,,
;0400000000015111,40002000,,,,02 000000,,
;0400000000015179,40004000,,,,02 000000,,
;0400000000015180,40004000,,,,02 000000,,
;0400000000015323,40001000,,,,02 000000,,
;05000000030000
;030,14,00000000000000000,220228,220301,,,,3876         ,,
;0400000000001077,40010000,,,,02 000000,,
;0400000000000241,40015000,,,,02 000000,,
;0400000000000243,40015000,,,,02 000000,,
;0400000000000364,40003000,,,,02 000000,,
;0400000000000381,40001000,,,,02 000000,,
;0400000000000406,40001000,,,,02 000000,,
;0400000000007453,40003000,,,,02 000000,,
;0400000000004012,40001000,,,,02 000000,,
;05000000049000
;030,14,00000000000000000,220228,220301,,,,9144         ,,
;0400000000010166,40005000,,,,02 000000,,
;0400000000010205,40004000,,,,02 000000,,
;0400000000010430,40001000,,,,02 000000,,
;0400000000010501,40001000,,,,02 000000,,
;0400000000011117,40004000,,,,02 000000,,
;0400000000011125,40002000,,,,02 000000,,
;0400000000011164,40001000,,,,02 000000,,
;0400000000011165,40001000,,,,02 000000,,
;0400000000011179,40001000,,,,02 000000,,
;0400000000011186,40001000,,,,02 000000,,
;0400000000011187,40001000,,,,02 000000,,
;0400000000011354,40006000,,,,02 000000,,
;0400000000011820,40001000,,,,02 000000,,
;0400000000011922,40001000,,,,02 000000,,
;0400000000011929,40001000,,,,02 000000,,
;0400000000011932,40001000,,,,02 000000,,
;0400000000012038,40001000,,,,02 000000,,
;0400000000012049,40001000,,,,02 000000,,
;0400000000014755,40002000,,,,02 000000,,
;0400000000015111,40002000,,,,02 000000,,
;05000000038000
;030,14,00000000000000000,220228,220301,,,,3723         ,,
;0400000000007006,40002000,,,,02 000000,,
;0400000000000317,40001000,,,,02 000000,,
;0400000000001073,40006000,,,,02 000000,,
;0400000000001077,40010000,,,,02 000000,,
;0400000000000241,40006000,,,,02 000000,,
;0400000000000243,40006000,,,,02 000000,,
;0400000000000381,40001000,,,,02 000000,,
;0400000000000385,40002000,,,,02 000000,,
;0400000000000406,40001000,,,,02 000000,,
;0400000000000233,40006000,,,,02 000000,,
;0400000000000235,40010000,,,,02 000000,,
;0400000000004012,40001000,,,,02 000000,,
;05000000052000
;030,14,00000000000000000,220228,220301,,,,9145         ,,
;0400000000010501,40001000,,,,02 000000,,
;0400000000011354,40015000,,,,02 000000,,
;0400000000011397,40002000,,,,02 000000,,
;0400000000011820,40006000,,,,02 000000,,
;0400000000011922,40003000,,,,02 000000,,
;0400000000011929,40002000,,,,02 000000,,
;0400000000012049,40002000,,,,02 000000,,
;0400000000014281,40001000,,,,02 000000,,
;0400000000014282,40001000,,,,02 000000,,
;0400000000014283,40001000,,,,02 000000,,
;05000000034000
;030,14,00000000000000000,220228,220301,,,,3725         ,,
;0400000000007006,40005000,,,,02 000000,,
;0400000000000338,40004000,,,,02 000000,,
;0400000000001073,40005000,,,,02 000000,,
;0400000000001077,40009000,,,,02 000000,,
;0400000000000241,40012000,,,,02 000000,,
;0400000000000243,40010000,,,,02 000000,,
;0400000000000381,40001000,,,,02 000000,,
;0400000000000385,40001000,,,,02 000000,,
;0400000000000406,40001000,,,,02 000000,,
;0400000000004012,40002000,,,,02 000000,,
;0400000000004062,40002000,,,,02 000000,,
;05000000052000
;030,14,00000000000000000,220228,220301,,,,9134         ,,
;0400000000010166,40010000,,,,02 000000,,
;0400000000010288,40004000,,,,02 000000,,
;0400000000011125,40002000,,,,02 000000,,
;0400000000011354,40020000,,,,02 000000,,
;0400000000011820,40002000,,,,02 000000,,
;0400000000012034,40002000,,,,02 000000,,
;0400000000015013,40001000,,,,02 000000,,
;0400000000015023,40002000,,,,02 000000,,
;0400000000015032,40001000,,,,02 000000,,
;05000000044000
;030,14,00000000000000000,220228,220301,,,,1311         ,,
;0400000000007006,40005000,,,,02 000000,,
;0400000000000317,40002000,,,,02 000000,,
;0400000000000338,40002000,,,,02 000000,,
;0400000000001077,40010000,,,,02 000000,,
;0400000000000241,40010000,,,,02 000000,,
;0400000000000243,40010000,,,,02 000000,,
;0400000000000364,40001000,,,,02 000000,,
;0400000000000381,40002000,,,,02 000000,,
;0400000000000385,40002000,,,,02 000000,,
;0400000000000406,40001000,,,,02 000000,,
;0400000000000233,40005000,,,,02 000000,,
;0400000000000235,40005000,,,,02 000000,,
;0400000000007453,40004000,,,,02 000000,,
;0400000000004012,40002000,,,,02 000000,,
;0400000000004062,40001000,,,,02 000000,,
;05000000062000
;030,14,00000000000000000,220228,220301,,,,9135         ,,
;0400000000010205,40010000,,,,02 000000,,
;0400000000010255,40002000,,,,02 000000,,
;0400000000010288,40002000,,,,02 000000,,
;0400000000010430,40002000,,,,02 000000,,
;0400000000010501,40002000,,,,02 000000,,
;0400000000010540,40002000,,,,02 000000,,
;0400000000010686,40010000,,,,02 000000,,
;0400000000010692,40001000,,,,02 000000,,
;0400000000011125,40003000,,,,02 000000,,
;0400000000011160,40001000,,,,02 000000,,
;0400000000011161,40001000,,,,02 000000,,
;0400000000011164,40002000,,,,02 000000,,
;0400000000011170,40001000,,,,02 000000,,
;0400000000011179,40001000,,,,02 000000,,
;0400000000011183,40001000,,,,02 000000,,
;0400000000011186,40002000,,,,02 000000,,
;0400000000011354,40010000,,,,02 000000,,
;0400000000011397,40003000,,,,02 000000,,
;0400000000011524,40001000,,,,02 000000,,
;0400000000011658,40002000,,,,02 000000,,
;0400000000011922,40002000,,,,02 000000,,
;0400000000011925,40001000,,,,02 000000,,
;0400000000011926,40002000,,,,02 000000,,
;0400000000011928,40004000,,,,02 000000,,
;0400000000011929,40001000,,,,02 000000,,
;0400000000011997,40003000,,,,02 000000,,
;0400000000012034,40002000,,,,02 000000,,
;0400000000012049,40004000,,,,02 000000,,
;0400000000012055,40001000,,,,02 000000,,
;0400000000012056,40001000,,,,02 000000,,
;0400000000012966,40010000,,,,02 000000,,
;0400000000014281,40002000,,,,02 000000,,
;0400000000014452,40002000,,,,02 000000,,
;0400000000014473,40001000,,,,02 000000,,
;0400000000014670,40001000,,,,02 000000,,
;0400000000014672,40001000,,,,02 000000,,
;0400000000014673,40001000,,,,02 000000,,
;0400000000014755,40004000,,,,02 000000,,
;0400000000014784,40001000,,,,02 000000,,
;0400000000015022,40001000,,,,02 000000,,
;0400000000015023,40001000,,,,02 000000,,
;0400000000015032,40006000,,,,02 000000,,
;0400000000015095,40001000,,,,02 000000,,
;0400000000015098,40001000,,,,02 000000,,
;0400000000015111,40001000,,,,02 000000,,
;0400000000015179,40003000,,,,02 000000,,
;0400000000015180,40003000,,,,02 000000,,
;0400000000015181,40002000,,,,02 000000,,
;0400000000015305,40003000,,,,02 000000,,
;05000000125000
;030,14,00000000000000000,220228,220301,,,,1307         ,,
;0400000000007006,40010000,,,,02 000000,,
;0400000000000317,40003000,,,,02 000000,,
;0400000000000338,40001000,,,,02 000000,,
;0400000000001073,40010000,,,,02 000000,,
;0400000000001077,40020000,,,,02 000000,,
;0400000000000241,40015000,,,,02 000000,,
;0400000000000243,40015000,,,,02 000000,,
;0400000000000364,40001000,,,,02 000000,,
;0400000000000381,40001000,,,,02 000000,,
;0400000000000385,40002000,,,,02 000000,,
;0400000000000406,40001000,,,,02 000000,,
;0400000000007051,40005000,,,,02 000000,,
;0400000000007052,40005000,,,,02 000000,,
;0400000000007053,40005000,,,,02 000000,,
;0400000000007453,40008000,,,,02 000000,,
;0400000000004012,40003000,,,,02 000000,,
;05000000105000
;030,14,00000000000000000,220228,220301,,,,9147         ,,
;0400000000010205,40002000,,,,02 000000,,
;0400000000010690,40001000,,,,02 000000,,
;0400000000011179,40001000,,,,02 000000,,
;0400000000011929,40001000,,,,02 000000,,
;0400000000012966,40005000,,,,02 000000,,
;0400000000014670,40001000,,,,02 000000,,
;0400000000014672,40001000,,,,02 000000,,
;0400000000014673,40001000,,,,02 000000,,
;05000000013000
;030,14,00000000000000000,220228,220301,,,,3878         ,,
;0400000000007006,40002000,,,,02 000000,,
;0400000000001077,40015000,,,,02 000000,,
;0400000000000241,40005000,,,,02 000000,,
;0400000000000243,40005000,,,,02 000000,,
;0400000000000364,40001000,,,,02 000000,,
;0400000000000385,40001000,,,,02 000000,,
;0400000000000235,40010000,,,,02 000000,,
;0400000000007453,40005000,,,,02 000000,,
;0400000000004012,40001000,,,,02 000000,,
;05000000045000
;030,14,00000000000000000,220228,220301,,,,9148         ,,
;0400000000010205,40002000,,,,02 000000,,
;0400000000010501,40001000,,,,02 000000,,
;05000000003000
;030,14,00000000000000000,220228,220301,,,,3731         ,,
;0400000000001073,40006000,,,,02 000000,,
;0400000000001077,40030000,,,,02 000000,,
;0400000000000241,40012000,,,,02 000000,,
;0400000000000243,40012000,,,,02 000000,,
;0400000000000364,40001000,,,,02 000000,,
;0400000000000381,40001000,,,,02 000000,,
;0400000000000385,40001000,,,,02 000000,,
;0400000000000233,40004000,,,,02 000000,,
;0400000000000235,40006000,,,,02 000000,,
;0400000000007453,40002000,,,,02 000000,,
;0400000000004012,40002000,,,,02 000000,,
;05000000077000
;030,14,00000000000000000,220228,220301,,,,9155         ,,
;0400000000011129,40001000,,,,02 000000,,
;05000000001000
;030,14,00000000000000000,220228,220301,,,,3745         ,,
;0400000000000317,40001000,,,,02 000000,,
;0400000000001077,40006000,,,,02 000000,,
;0400000000000241,40004000,,,,02 000000,,
;0400000000000243,40004000,,,,02 000000,,
;0400000000000233,40002000,,,,02 000000,,
;0400000000000235,40005000,,,,02 000000,,
;0400000000004062,40001000,,,,02 000000,,
;05000000023000
;030,14,00000000000000000,220228,220301,,,,9166         ,,
;0400000000010430,40001000,,,,02 000000,,
;0400000000011117,40003000,,,,02 000000,,
;0400000000011354,40003000,,,,02 000000,,
;0400000000012633,40001000,,,,02 000000,,
;0400000000012966,40005000,,,,02 000000,,
;0400000000015181,40001000,,,,02 000000,,
;05000000014000
;030,14,00000000000000000,220228,220301,,,,3879         ,,
;0400000000001077,40020000,,,,02 000000,,
;0400000000000241,40004000,,,,02 000000,,
;0400000000000243,40004000,,,,02 000000,,
;0400000000000364,40001000,,,,02 000000,,
;0400000000000381,40001000,,,,02 000000,,
;0400000000007453,40002000,,,,02 000000,,
;0400000000004012,40001000,,,,02 000000,,
;0400000000004062,40001000,,,,02 000000,,
;05000000034000
;030,14,00000000000000000,220228,220301,,,,9178         ,,
;0400000000010430,40001000,,,,02 000000,,
;0400000000010686,40001000,,,,02 000000,,
;0400000000011117,40004000,,,,02 000000,,
;0400000000011354,40006000,,,,02 000000,,
;0400000000011397,40001000,,,,02 000000,,
;0400000000011658,40001000,,,,02 000000,,
;0400000000011922,40001000,,,,02 000000,,
;0400000000011929,40001000,,,,02 000000,,
;0400000000012049,40001000,,,,02 000000,,
;0400000000014282,40001000,,,,02 000000,,
;0400000000015261,40002000,,,,02 000000,,
;05000000020000
;030,14,00000000000000000,220228,220301,,,,3795         ,,
;0400000000007006,40003000,,,,02 000000,,
;0400000000000317,40002000,,,,02 000000,,
;0400000000000338,40001000,,,,02 000000,,
;0400000000001073,40003000,,,,02 000000,,
;0400000000001077,40012000,,,,02 000000,,
;0400000000000241,40005000,,,,02 000000,,
;0400000000000243,40005000,,,,02 000000,,
;0400000000000381,40001000,,,,02 000000,,
;0400000000000385,40001000,,,,02 000000,,
;0400000000000235,40010000,,,,02 000000,,
;0400000000007453,40003000,,,,02 000000,,
;0400000000004012,40001000,,,,02 000000,,
;0400000000004062,40001000,,,,02 000000,,
;05000000048000
;030,14,00000000000000000,220228,220301,,,,9180         ,,
;0400000000010344,40001000,,,,02 000000,,
;0400000000010690,40001000,,,,02 000000,,
;0400000000011117,40004000,,,,02 000000,,
;0400000000011125,40001000,,,,02 000000,,
;0400000000011820,40001000,,,,02 000000,,
;0400000000011922,40001000,,,,02 000000,,
;0400000000011932,40001000,,,,02 000000,,
;0400000000012049,40001000,,,,02 000000,,
;0400000000014281,40001000,,,,02 000000,,
;0400000000014282,40001000,,,,02 000000,,
;0400000000014283,40001000,,,,02 000000,,
;0400000000014451,40001000,,,,02 000000,,
;0400000000014452,40001000,,,,02 000000,,
;0400000000014505,40001000,,,,02 000000,,
;0400000000014672,40001000,,,,02 000000,,
;0400000000015181,40003000,,,,02 000000,,
;0400000000015187,40001000,,,,02 000000,,
;0400000000015261,40001000,,,,02 000000,,
;0400000000015288,40001000,,,,02 000000,,
;05000000024000
;030,14,00000000000000000,220228,220301,,,,3800         ,,
;0400000000007006,40001000,,,,02 000000,,
;0400000000000317,40001000,,,,02 000000,,
;0400000000000338,40001000,,,,02 000000,,
;0400000000001077,40005000,,,,02 000000,,
;0400000000000241,40006000,,,,02 000000,,
;0400000000000243,40006000,,,,02 000000,,
;0400000000000381,40001000,,,,02 000000,,
;0400000000000385,40002000,,,,02 000000,,
;0400000000000406,40001000,,,,02 000000,,
;0400000000000235,40005000,,,,02 000000,,
;0400000000007453,40010000,,,,02 000000,,
;0400000000004012,40001000,,,,02 000000,,
;0400000000004062,40001000,,,,02 000000,,
;05000000041000
;030,14,00000000000000000,220228,220301,,,,9181         ,,
;0400000000010255,40001000,,,,02 000000,,
;0400000000011117,40002000,,,,02 000000,,
;0400000000011125,40001000,,,,02 000000,,
;0400000000015023,40001000,,,,02 000000,,
;0400000000015180,40001000,,,,02 000000,,
;05000000006000
;030,14,00000000000000000,220228,220301,,,,3802         ,,
;0400000000000317,40001000,,,,02 000000,,
;0400000000001077,40008000,,,,02 000000,,
;0400000000000241,40003000,,,,02 000000,,
;0400000000000243,40003000,,,,02 000000,,
;0400000000000381,40001000,,,,02 000000,,
;0400000000000406,40001000,,,,02 000000,,
;0400000000000235,40003000,,,,02 000000,,
;0400000000007453,40003000,,,,02 000000,,
;0400000000004062,40001000,,,,02 000000,,
;05000000024000
;030,14,00000000000000000,220228,220301,,,,9182         ,,
;0400000000010690,40001000,,,,02 000000,,
;0400000000011658,40001000,,,,02 000000,,
;0400000000011820,40002000,,,,02 000000,,
;0400000000012966,40010000,,,,02 000000,,
;0400000000014052,40001000,,,,02 000000,,
;0400000000014452,40001000,,,,02 000000,,
;05000000016000
;030,14,00000000000000000,220228,220301,,,,3804         ,,
;0400000000007006,40004000,,,,02 000000,,
;0400000000000317,40002000,,,,02 000000,,
;0400000000000338,40002000,,,,02 000000,,
;0400000000001073,40015000,,,,02 000000,,
;0400000000001077,40015000,,,,02 000000,,
;0400000000000241,40007000,,,,02 000000,,
;0400000000000243,40007000,,,,02 000000,,
;0400000000000381,40002000,,,,02 000000,,
;0400000000000385,40002000,,,,02 000000,,
;0400000000000406,40002000,,,,02 000000,,
;0400000000007453,40006000,,,,02 000000,,
;0400000000004012,40002000,,,,02 000000,,
;0400000000004062,40001000,,,,02 000000,,
;05000000067000
;030,14,00000000000000000,220228,220301,,,,9185         ,,
;0400000000011117,40002000,,,,02 000000,,
;0400000000011397,40001000,,,,02 000000,,
;0400000000011820,40002000,,,,02 000000,,
;0400000000011929,40001000,,,,02 000000,,
;0400000000011932,40001000,,,,02 000000,,
;0400000000012049,40001000,,,,02 000000,,
;05000000008000
;030,14,00000000000000000,220228,220301,,,,3812         ,,
;0400000000007006,40004000,,,,02 000000,,
;0400000000000241,40002000,,,,02 000000,,
;0400000000000243,40002000,,,,02 000000,,
;0400000000000381,40003000,,,,02 000000,,
;0400000000000385,40003000,,,,02 000000,,
;0400000000000406,40003000,,,,02 000000,,
;0400000000007453,40006000,,,,02 000000,,
;0400000000004012,40001000,,,,02 000000,,
;0400000000004062,40001000,,,,02 000000,,
;05000000025000
;030,14,00000000000000000,220228,220301,,,,9186         ,,
;0400000000011117,40002000,,,,02 000000,,
;0400000000011354,40002000,,,,02 000000,,
;0400000000011415,40001000,,,,02 000000,,
;0400000000011820,40002000,,,,02 000000,,
;0400000000014052,40001000,,,,02 000000,,
;0400000000014281,40001000,,,,02 000000,,
;0400000000014282,40001000,,,,02 000000,,
;0400000000014283,40001000,,,,02 000000,,
;0400000000015111,40001000,,,,02 000000,,
;0400000000015305,40001000,,,,02 000000,,
;05000000013000
;030,14,00000000000000000,220228,220301,,,,3815         ,,
;0400000000000317,40001000,,,,02 000000,,
;0400000000001077,40005000,,,,02 000000,,
;0400000000000241,40003000,,,,02 000000,,
;0400000000000243,40003000,,,,02 000000,,
;0400000000000381,40001000,,,,02 000000,,
;0400000000000385,40001000,,,,02 000000,,
;0400000000007453,40005000,,,,02 000000,,
;0400000000004012,40001000,,,,02 000000,,
;05000000020000
;030,14,00000000000000000,220228,220301,,,,9196         ,,
;0400000000010690,40002000,,,,02 000000,,
;0400000000011397,40002000,,,,02 000000,,
;0400000000011922,40001000,,,,02 000000,,
;0400000000011932,40001000,,,,02 000000,,
;0400000000014451,40001000,,,,02 000000,,
;0400000000015111,40006000,,,,02 000000,,
;0400000000015185,40002000,,,,02 000000,,
;0400000000015235,40001000,,,,02 000000,,
;0400000000015272,40010000,,,,02 000000,,
;05000000026000
;030,14,00000000000000000,220228,220301,,,,3866         ,,
;0400000000007006,40002000,,,,02 000000,,
;0400000000001073,40003000,,,,02 000000,,
;0400000000001077,40015000,,,,02 000000,,
;0400000000000241,40010000,,,,02 000000,,
;0400000000000243,40012000,,,,02 000000,,
;0400000000000364,40002000,,,,02 000000,,
;0400000000000381,40002000,,,,02 000000,,
;0400000000000385,40001000,,,,02 000000,,
;0400000000000406,40001000,,,,02 000000,,
;0400000000000235,40005000,,,,02 000000,,
;0400000000007453,40005000,,,,02 000000,,
;0400000000004012,40001000,,,,02 000000,,
;05000000059000
;030,14,00000000000000000,220228,220301,,,,9197         ,,
;0400000000010205,40001000,,,,02 000000,,
;0400000000010255,40001000,,,,02 000000,,
;0400000000010430,40001000,,,,02 000000,,
;0400000000011164,40002000,,,,02 000000,,
;0400000000011186,40002000,,,,02 000000,,
;0400000000011354,40005000,,,,02 000000,,
;0400000000012966,40010000,,,,02 000000,,
;0400000000015325,40001000,,,,02 000000,,
;05000000023000
;030,14,00000000000000000,220228,220301,,,,3867         ,,
;0400000000001077,40003000,,,,02 000000,,
;0400000000000241,40002000,,,,02 000000,,
;0400000000000243,40002000,,,,02 000000,,
;0400000000000385,40001000,,,,02 000000,,
;0400000000007453,40002000,,,,02 000000,,
;0400000000004012,40001000,,,,02 000000,,
;05000000011000
;030,14,00000000000000000,220228,220301,,,,9198         ,,
;0400000000010205,40002000,,,,02 000000,,
;0400000000010344,40001000,,,,02 000000,,
;0400000000010501,40001000,,,,02 000000,,
;0400000000010540,40001000,,,,02 000000,,
;0400000000010687,40006000,,,,02 000000,,
;0400000000010690,40002000,,,,02 000000,,
;0400000000011117,40004000,,,,02 000000,,
;0400000000011125,40001000,,,,02 000000,,
;0400000000011179,40002000,,,,02 000000,,
;0400000000011186,40001000,,,,02 000000,,
;0400000000011523,40001000,,,,02 000000,,
;0400000000011820,40004000,,,,02 000000,,
;0400000000011922,40001000,,,,02 000000,,
;0400000000011928,40004000,,,,02 000000,,
;0400000000011932,40001000,,,,02 000000,,
;0400000000011988,40001000,,,,02 000000,,
;0400000000011997,40001000,,,,02 000000,,
;0400000000014282,40001000,,,,02 000000,,
;0400000000014283,40002000,,,,02 000000,,
;0400000000014755,40002000,,,,02 000000,,
;0400000000014757,40001000,,,,02 000000,,
;0400000000015025,40002000,,,,02 000000,,
;0400000000015238,40001000,,,,02 000000,,
;0400000000015323,40001000,,,,02 000000,,
;05000000044000
;030,14,00000000000000000,220228,220301,,,,3868         ,,
;0400000000000317,40001000,,,,02 000000,,
;0400000000001077,40008000,,,,02 000000,,
;0400000000000241,40007000,,,,02 000000,,
;0400000000000243,40007000,,,,02 000000,,
;0400000000000385,40001000,,,,02 000000,,
;0400000000000406,40001000,,,,02 000000,,
;0400000000007453,40002000,,,,02 000000,,
;0400000000004012,40001000,,,,02 000000,,
;0400000000004062,40001000,,,,02 000000,,
;05000000029000
;030,14,00000000000000000,220228,220301,,,,9199         ,,
;0400000000010255,40001000,,,,02 000000,,
;0400000000010275,40001000,,,,02 000000,,
;0400000000010344,40001000,,,,02 000000,,
;0400000000010430,40001000,,,,02 000000,,
;0400000000010501,40002000,,,,02 000000,,
;0400000000010540,40001000,,,,02 000000,,
;0400000000010687,40020000,,,,02 000000,,
;0400000000010690,40002000,,,,02 000000,,
;0400000000010692,40001000,,,,02 000000,,
;0400000000011117,40010000,,,,02 000000,,
;0400000000011125,40003000,,,,02 000000,,
;0400000000011129,40001000,,,,02 000000,,
;0400000000011160,40001000,,,,02 000000,,
;0400000000011164,40003000,,,,02 000000,,
;0400000000011165,40003000,,,,02 000000,,
;0400000000011179,40001000,,,,02 000000,,
;0400000000011186,40003000,,,,02 000000,,
;0400000000011354,40010000,,,,02 000000,,
;0400000000011397,40002000,,,,02 000000,,
;0400000000011658,40001000,,,,02 000000,,
;0400000000011820,40001000,,,,02 000000,,
;0400000000011922,40001000,,,,02 000000,,
;0400000000011926,40001000,,,,02 000000,,
;0400000000011928,40001000,,,,02 000000,,
;0400000000011929,40001000,,,,02 000000,,
;0400000000011997,40001000,,,,02 000000,,
;0400000000012039,40001000,,,,02 000000,,
;0400000000012041,40001000,,,,02 000000,,
;0400000000012049,40002000,,,,02 000000,,
;0400000000014281,40001000,,,,02 000000,,
;0400000000014282,40001000,,,,02 000000,,
;0400000000014283,40001000,,,,02 000000,,
;0400000000014451,40001000,,,,02 000000,,
;0400000000014658,40001000,,,,02 000000,,
;0400000000014680,40001000,,,,02 000000,,
;0400000000014755,40003000,,,,02 000000,,
;0400000000015022,40002000,,,,02 000000,,
;0400000000015095,40001000,,,,02 000000,,
;0400000000015180,40001000,,,,02 000000,,
;0400000000015305,40001000,,,,02 000000,,
;05000000092000
;030,14,00000000000000000,220228,220301,,,,3869         ,,
;0400000000000317,40001000,,,,02 000000,,
;0400000000000338,40001000,,,,02 000000,,
;0400000000001073,40005000,,,,02 000000,,
;0400000000001077,40010000,,,,02 000000,,
;0400000000000241,40008000,,,,02 000000,,
;0400000000000243,40008000,,,,02 000000,,
;0400000000000381,40001000,,,,02 000000,,
;0400000000000385,40001000,,,,02 000000,,
;0400000000000406,40001000,,,,02 000000,,
;0400000000000233,40008000,,,,02 000000,,
;0400000000000235,40010000,,,,02 000000,,
;0400000000007453,40005000,,,,02 000000,,
;0400000000004012,40001000,,,,02 000000,,
;0400000000004062,40001000,,,,02 000000,,
;05000000061000
;030,14,00000000000000000,220228,220301,,,,9204         ,,
;0400000000011117,40006000,,,,02 000000,,
;0400000000011129,40001000,,,,02 000000,,
;0400000000011160,40001000,,,,02 000000,,
;0400000000011161,40001000,,,,02 000000,,
;0400000000011164,40002000,,,,02 000000,,
;0400000000011165,40001000,,,,02 000000,,
;0400000000011170,40001000,,,,02 000000,,
;0400000000011183,40006000,,,,02 000000,,
;0400000000011186,40005000,,,,02 000000,,
;0400000000011187,40001000,,,,02 000000,,
;0400000000011354,40060000,,,,02 000000,,
;0400000000011932,40001000,,,,02 000000,,
;0400000000012633,40001000,,,,02 000000,,
;0400000000012966,40010000,,,,02 000000,,
;0400000000014282,40001000,,,,02 000000,,
;0400000000014283,40001000,,,,02 000000,,
;0400000000014310,40001000,,,,02 000000,,
;0400000000014680,40001000,,,,02 000000,,
;0400000000014755,40002000,,,,02 000000,,
;0400000000015015,40001000,,,,02 000000,,
;0400000000015023,40003000,,,,02 000000,,
;0400000000015098,40001000,,,,02 000000,,
;0400000000015111,40003000,,,,02 000000,,
;0400000000015180,40001000,,,,02 000000,,
;0400000000015181,40002000,,,,02 000000,,
;0400000000015272,40005000,,,,02 000000,,
;0400000000015288,40001000,,,,02 000000,,
;0400000000015305,40001000,,,,02 000000,,
;0400000000015323,40001000,,,,02 000000,,
;05000000122000
;030,14,00000000000000000,220228,220301,,,,3908         ,,
;0400000000007006,40005000,,,,02 000000,,
;0400000000000317,40001000,,,,02 000000,,
;0400000000000338,40001000,,,,02 000000,,
;0400000000001073,40003000,,,,02 000000,,
;0400000000001077,40010000,,,,02 000000,,
;0400000000000241,40004000,,,,02 000000,,
;0400000000000243,40004000,,,,02 000000,,
;0400000000000364,40001000,,,,02 000000,,
;0400000000000381,40001000,,,,02 000000,,
;0400000000000385,40001000,,,,02 000000,,
;0400000000000406,40001000,,,,02 000000,,
;0400000000007051,40008000,,,,02 000000,,
;0400000000007052,40008000,,,,02 000000,,
;0400000000007053,40010000,,,,02 000000,,
;0400000000007453,40004000,,,,02 000000,,
;0400000000004012,40001000,,,,02 000000,,
;0400000000004062,40001000,,,,02 000000,,
;05000000064000
;030,14,00000000000000000,220228,220301,,,,9206         ,,
;0400000000011179,40001000,,,,02 000000,,
;0400000000011186,40001000,,,,02 000000,,
;0400000000011354,40010000,,,,02 000000,,
;0400000000011922,40002000,,,,02 000000,,
;0400000000011928,40005000,,,,02 000000,,
;0400000000011929,40001000,,,,02 000000,,
;0400000000012039,40002000,,,,02 000000,,
;0400000000012056,40001000,,,,02 000000,,
;0400000000014282,40001000,,,,02 000000,,
;0400000000014452,40001000,,,,02 000000,,
;0400000000014670,40001000,,,,02 000000,,
;0400000000015112,40002000,,,,02 000000,,
;0400000000015323,40001000,,,,02 000000,,
;05000000029000
;030,14,00000000000000000,220228,220301,,,,3912         ,,
;0400000000007006,40001000,,,,02 000000,,
;0400000000000317,40001000,,,,02 000000,,
;0400000000000338,40001000,,,,02 000000,,
;0400000000001077,40006000,,,,02 000000,,
;0400000000000241,40005000,,,,02 000000,,
;0400000000000243,40005000,,,,02 000000,,
;0400000000000385,40001000,,,,02 000000,,
;0400000000000406,40001000,,,,02 000000,,
;0400000000000235,40005000,,,,02 000000,,
;0400000000007453,40002000,,,,02 000000,,
;0400000000004012,40001000,,,,02 000000,,
;05000000029000
;030,14,00000000000000000,220228,220301,,,,9207         ,,
;0400000000010255,40002000,,,,02 000000,,
;0400000000010430,40002000,,,,02 000000,,
;0400000000010501,40002000,,,,02 000000,,
;0400000000011117,40004000,,,,02 000000,,
;0400000000011354,40015000,,,,02 000000,,
;0400000000011397,40004000,,,,02 000000,,
;0400000000011820,40003000,,,,02 000000,,
;0400000000012034,40001000,,,,02 000000,,
;0400000000012049,40006000,,,,02 000000,,
;05000000039000
;030,14,00000000000000000,220228,220301,,,,3914         ,,
;0400000000000317,40003000,,,,02 000000,,
;0400000000001073,40010000,,,,02 000000,,
;0400000000001077,40010000,,,,02 000000,,
;0400000000000241,40007000,,,,02 000000,,
;0400000000000243,40007000,,,,02 000000,,
;0400000000000364,40001000,,,,02 000000,,
;0400000000000381,40001000,,,,02 000000,,
;0400000000000385,40001000,,,,02 000000,,
;0400000000007453,40010000,,,,02 000000,,
;0400000000004012,40001000,,,,02 000000,,
;0400000000004062,40001000,,,,02 000000,,
;05000000052000
;030,14,00000000000000000,220228,220301,,,,9208         ,,
;0400000000010430,40001000,,,,02 000000,,
;0400000000010501,40001000,,,,02 000000,,
;0400000000011418,40001000,,,,02 000000,,
;0400000000011820,40003000,,,,02 000000,,
;0400000000011922,40002000,,,,02 000000,,
;0400000000011929,40001000,,,,02 000000,,
;0400000000011932,40001000,,,,02 000000,,
;0400000000014282,40001000,,,,02 000000,,
;0400000000014755,40002000,,,,02 000000,,
;0400000000015323,40001000,,,,02 000000,,
;05000000014000
;030,14,00000000000000000,220228,220301,,,,3916         ,,
;0400000000007006,40002000,,,,02 000000,,
;0400000000000317,40001000,,,,02 000000,,
;0400000000001077,40008000,,,,02 000000,,
;0400000000000241,40005000,,,,02 000000,,
;0400000000000243,40004000,,,,02 000000,,
;0400000000000381,40001000,,,,02 000000,,
;0400000000000385,40001000,,,,02 000000,,
;0400000000000406,40001000,,,,02 000000,,
;0400000000000235,40010000,,,,02 000000,,
;0400000000007453,40004000,,,,02 000000,,
;0400000000004012,40001000,,,,02 000000,,
;0400000000004062,40001000,,,,02 000000,,
;05000000039000
;06127,1508
;07000000,00001,00001,000000,(
                                                                                    
