NF;180;3785;010322;020322;1111;8000;0;2;1.000;1
NF;180;3785;010322;020322;1111;3000;0;4;1.000;1
NF;180;3785;010322;020322;1111;11000;0;30;1.000;1
NF;180;3785;010322;020322;1111;4000;0;36;1.000;1
NF;180;3785;010322;020322;1111;9000;0;41;1.000;1
NF;180;3785;010322;020322;1111;3000;0;46;1.000;1
NF;180;3785;010322;020322;1111;1000;0;54;1.000;1
NF;180;3785;010322;020322;1111;4000;0;56;1.000;1
NF;180;3785;010322;020322;1111;3000;0;57;1.000;1
NF;180;3785;010322;020322;1111;3000;0;74;1.000;1
NF;180;3785;010322;020322;1111;16000;0;77;1.000;1
NF;180;3785;010322;020322;1111;8000;0;81;1.000;1
NF;180;3785;010322;020322;1111;8000;0;125;1.000;1
NF;180;3785;010322;020322;1111;2000;0;199;1.000;1
NF;180;3785;010322;020322;1111;2000;0;201;1.000;1
NF;180;3785;010322;020322;1111;2000;0;208;1.000;1
NF;180;3785;010322;020322;1111;1000;0;218;1.000;1
NF;180;3785;010322;020322;1111;30000;0;222;1.000;1
NF;180;3785;010322;020322;1111;15000;0;224;1.000;1
NF;180;3785;010322;020322;1111;2000;0;238;1.000;1
NF;180;3785;010322;020322;1111;1000;0;249;1.000;1
NF;180;3785;010322;020322;1111;3000;0;262;1.000;1
NF;180;3785;010322;020322;1111;10000;0;1271;1.000;1
NF;180;3785;010322;020322;1111;1000;0;1272;1.000;1
NF;180;3785;010322;020322;1111;2000;0;1275;1.000;1
NF;180;3785;010322;020322;1111;5000;0;1277;1.000;1
NF;180;3785;010322;020322;1111;3000;0;1308;1.000;1

NF;180;3785;010322;020322;6013;1000;0.75;521;104.000;10
NF;180;3785;010322;020322;6210;2000;0.38;534;120.000;10
NF;180;3785;010322;020322;4849;2000;0.38;537;120.000;10
NF;180;3785;010322;020322;864;1000;0.80;539;60.000;10
NF;180;3785;010322;020322;867;1000;2.20;597;15.000;10
NF;180;3785;010322;020322;4222;1000;2.20;3547;18.000;10
NF;180;3785;010322;020322;5557;1000;2.30;3735;26.000;10
NF;180;3785;010322;020322;6208;1000;0.75;3837;80.000;10
NF;180;3785;010322;020322;6011;1000;0.95;30505;68.000;10
NF;180;3785;010322;020322;5410;1000;1.20;33579;60.000;10

﻿NF;190;3777;010322;020322;1111;7000;0;2;1.000;1
NF;190;3777;010322;020322;1111;4000;0;4;1.000;1
NF;190;3777;010322;020322;1111;13000;0;30;1.000;1
NF;190;3777;010322;020322;1111;6000;0;36;1.000;1
NF;190;3777;010322;020322;1111;9000;0;41;1.000;1
NF;190;3777;010322;020322;1111;2000;0;46;1.000;1
NF;190;3777;010322;020322;1111;1000;0;54;1.000;1
NF;190;3777;010322;020322;1111;5000;0;56;1.000;1
NF;190;3777;010322;020322;1111;3000;0;57;1.000;1
NF;190;3777;010322;020322;1111;3000;0;74;1.000;1
NF;190;3777;010322;020322;1111;17000;0;77;1.000;1
NF;190;3777;010322;020322;1111;10000;0;81;1.000;1
NF;190;3777;010322;020322;1111;12000;0;125;1.000;1
NF;190;3777;010322;020322;1111;2000;0;199;1.000;1
NF;190;3777;010322;020322;1111;2000;0;201;1.000;1
NF;190;3777;010322;020322;1111;2000;0;208;1.000;1
NF;190;3777;010322;020322;1111;2000;0;218;1.000;1
NF;190;3777;010322;020322;1111;35000;0;222;1.000;1
NF;190;3777;010322;020322;1111;10000;0;224;1.000;1
NF;190;3777;010322;020322;1111;2000;0;238;1.000;1
NF;190;3777;010322;020322;1111;1000;0;249;1.000;1
NF;190;3777;010322;020322;1111;4000;0;262;1.000;1
NF;190;3777;010322;020322;1111;9000;0;1271;1.000;1
NF;190;3777;010322;020322;1111;3000;0;1272;1.000;1
NF;190;3777;010322;020322;1111;3000;0;1275;1.000;1
NF;190;3777;010322;020322;1111;5000;0;1277;1.000;1
NF;190;3777;010322;020322;1111;2000;0;1308;1.000;1

NF;190;3777;010322;020322;6013;1000;0.75;521;104.000;11
NF;190;3777;010322;020322;6210;2000;0.38;534;120.000;11
NF;190;3777;010322;020322;4849;2000;0.38;537;120.000;11
NF;190;3777;010322;020322;864;1000;0.80;539;60.000;11
NF;190;3777;010322;020322;867;2000;2.20;597;15.000;11
NF;190;3777;010322;020322;4343;1000;0.80;3594;80.000;11
NF;190;3777;010322;020322;5318;1000;1.85;3631;26.000;11
NF;190;3777;010322;020322;5416;1000;2.20;3696;20.000;11
NF;190;3777;010322;020322;6208;1000;0.75;3837;80.000;11
NF;190;3777;010322;020322;6011;1000;0.95;30505;68.000;11
NF;190;3777;010322;020322;6012;1000;0.95;30506;100.000;11

﻿NF;200;3753;010322;020322;1111;3000;0;2;1.000;1
NF;200;3753;010322;020322;1111;3000;0;30;1.000;1
NF;200;3753;010322;020322;1111;2000;0;36;1.000;1
NF;200;3753;010322;020322;1111;2000;0;41;1.000;1
NF;200;3753;010322;020322;1111;1000;0;46;1.000;1
NF;200;3753;010322;020322;1111;1000;0;54;1.000;1
NF;200;3753;010322;020322;1111;2000;0;56;1.000;1
NF;200;3753;010322;020322;1111;3000;0;57;1.000;1
NF;200;3753;010322;020322;1111;3000;0;74;1.000;1
NF;200;3753;010322;020322;1111;6000;0;77;1.000;1
NF;200;3753;010322;020322;1111;5000;0;81;1.000;1
NF;200;3753;010322;020322;1111;12000;0;125;1.000;1
NF;200;3753;010322;020322;1111;2000;0;199;1.000;1
NF;200;3753;010322;020322;1111;2000;0;201;1.000;1
NF;200;3753;010322;020322;1111;2000;0;208;1.000;1
NF;200;3753;010322;020322;1111;2000;0;218;1.000;1
NF;200;3753;010322;020322;1111;20000;0;222;1.000;1
NF;200;3753;010322;020322;1111;1000;0;238;1.000;1
NF;200;3753;010322;020322;1111;1000;0;249;1.000;1
NF;200;3753;010322;020322;1111;3000;0;262;1.000;1
NF;200;3753;010322;020322;1111;6000;0;1271;1.000;1
NF;200;3753;010322;020322;1111;1000;0;1272;1.000;1
NF;200;3753;010322;020322;1111;3000;0;1277;1.000;1
NF;200;3753;010322;020322;1111;1000;0;1308;1.000;1

NF;200;3753;260222;020322;4849;1000;0.38;537;120.000;9
NF;200;3753;260222;020322;864;1000;0.80;539;60.000;9
NF;200;3753;260222;020322;867;1000;2.20;597;15.000;9
NF;200;3753;260222;020322;6096;1000;0.70;3503;60.000;9
NF;200;3753;260222;020322;6208;1000;0.75;3837;80.000;9
NF;200;3753;260222;020322;6011;3000;0.95;30505;68.000;9
NF;200;3753;260222;020322;6012;1000;0.95;30506;100.000;9
NF;200;3753;260222;020322;5713;1000;1.25;30525;48.000;9
NF;200;3753;260222;020322;5409;1000;2.00;33570;60.000;9

﻿NF;205;1613;010322;020322;1111;15000;0;2;1.000;1
NF;205;1613;010322;020322;1111;7000;0;4;1.000;1
NF;205;1613;010322;020322;1111;11000;0;30;1.000;1
NF;205;1613;010322;020322;1111;7000;0;36;1.000;1
NF;205;1613;010322;020322;1111;17000;0;41;1.000;1
NF;205;1613;010322;020322;1111;6000;0;46;1.000;1
NF;205;1613;010322;020322;1111;1000;0;54;1.000;1
NF;205;1613;010322;020322;1111;11000;0;56;1.000;1
NF;205;1613;010322;020322;1111;8000;0;57;1.000;1
NF;205;1613;010322;020322;1111;6000;0;74;1.000;1
NF;205;1613;010322;020322;1111;15000;0;77;1.000;1
NF;205;1613;010322;020322;1111;19000;0;81;1.000;1
NF;205;1613;010322;020322;1111;20000;0;125;1.000;1
NF;205;1613;010322;020322;1111;2000;0;199;1.000;1
NF;205;1613;010322;020322;1111;5000;0;201;1.000;1
NF;205;1613;010322;020322;1111;2000;0;208;1.000;1
NF;205;1613;010322;020322;1111;2000;0;218;1.000;1
NF;205;1613;010322;020322;1111;80000;0;222;1.000;1
NF;205;1613;010322;020322;1111;10000;0;224;1.000;1
NF;205;1613;010322;020322;1111;2000;0;238;1.000;1
NF;205;1613;010322;020322;1111;4000;0;249;1.000;1
NF;205;1613;010322;020322;1111;2000;0;262;1.000;1
NF;205;1613;010322;020322;1111;10000;0;1271;1.000;1
NF;205;1613;010322;020322;1111;6000;0;1272;1.000;1
NF;205;1613;010322;020322;1111;7000;0;1275;1.000;1
NF;205;1613;010322;020322;1111;7000;0;1277;1.000;1
NF;205;1613;010322;020322;1111;3000;0;1308;1.000;1

NF;205;1613;010322;020322;6210;1000;0.38;534;120.000;8
NF;205;1613;010322;020322;4849;2000;0.38;537;120.000;8
NF;205;1613;010322;020322;864;1000;0.80;539;60.000;8
NF;205;1613;010322;020322;867;1000;2.20;597;15.000;8
NF;205;1613;010322;020322;4222;1000;2.20;3547;18.000;8
NF;205;1613;010322;020322;5318;1000;1.85;3631;26.000;8
NF;205;1613;010322;020322;5416;1000;2.20;3696;20.000;8
NF;205;1613;010322;020322;5549;1000;2.40;3732;20.000;8

﻿NF;215;1635;010322;020322;1111;3000;0;2;1.000;1
NF;215;1635;010322;020322;1111;3000;0;30;1.000;1
NF;215;1635;010322;020322;1111;2000;0;36;1.000;1
NF;215;1635;010322;020322;1111;6000;0;41;1.000;1
NF;215;1635;010322;020322;1111;4000;0;56;1.000;1
NF;215;1635;010322;020322;1111;3000;0;57;1.000;1
NF;215;1635;010322;020322;1111;6000;0;77;1.000;1
NF;215;1635;010322;020322;1111;4000;0;81;1.000;1
NF;215;1635;010322;020322;1111;35000;0;125;1.000;1
NF;215;1635;010322;020322;1111;1000;0;199;1.000;1
NF;215;1635;010322;020322;1111;1000;0;201;1.000;1
NF;215;1635;010322;020322;1111;1000;0;208;1.000;1
NF;215;1635;010322;020322;1111;1000;0;218;1.000;1
NF;215;1635;010322;020322;1111;15000;0;222;1.000;1
NF;215;1635;010322;020322;1111;1000;0;238;1.000;1
NF;215;1635;010322;020322;1111;1000;0;249;1.000;1
NF;215;1635;010322;020322;1111;3000;0;262;1.000;1
NF;215;1635;010322;020322;1111;4000;0;1271;1.000;1
NF;215;1635;010322;020322;1111;1000;0;1272;1.000;1
NF;215;1635;010322;020322;1111;3000;0;1277;1.000;1
NF;215;1635;010322;020322;1111;1000;0;1308;1.000;1

NF;215;1635;010322;020322;6096;1000;0.70;3503;60.000;6
NF;215;1635;010322;020322;2144;1000;2.10;3543;15.000;6
NF;215;1635;010322;020322;2866;1000;2.80;3571;10.000;6
NF;215;1635;010322;020322;5307;1000;0.90;3629;72.000;6
NF;215;1635;010322;020322;5506;1000;1.50;3698;50.000;6
NF;215;1635;010322;020322;6012;1000;0.95;30506;100.000;6

﻿NF;220;3870;010322;020322;1111;3000;0;2;1.000;1
NF;220;3870;010322;020322;1111;6000;0;30;1.000;1
NF;220;3870;010322;020322;1111;3000;0;36;1.000;1
NF;220;3870;010322;020322;1111;3000;0;41;1.000;1
NF;220;3870;010322;020322;1111;1000;0;54;1.000;1
NF;220;3870;010322;020322;1111;3000;0;56;1.000;1
NF;220;3870;010322;020322;1111;3000;0;57;1.000;1
NF;220;3870;010322;020322;1111;6000;0;77;1.000;1
NF;220;3870;010322;020322;1111;4000;0;81;1.000;1
NF;220;3870;010322;020322;1111;12000;0;125;1.000;1
NF;220;3870;010322;020322;1111;1000;0;199;1.000;1
NF;220;3870;010322;020322;1111;1000;0;201;1.000;1
NF;220;3870;010322;020322;1111;1000;0;208;1.000;1
NF;220;3870;010322;020322;1111;1000;0;218;1.000;1
NF;220;3870;010322;020322;1111;20000;0;222;1.000;1
NF;220;3870;010322;020322;1111;1000;0;238;1.000;1
NF;220;3870;010322;020322;1111;1000;0;249;1.000;1
NF;220;3870;010322;020322;1111;3000;0;262;1.000;1
NF;220;3870;010322;020322;1111;7000;0;1271;1.000;1
NF;220;3870;010322;020322;1111;3000;0;1277;1.000;1
NF;220;3870;010322;020322;1111;1000;0;1308;1.000;1

NF;220;3870;010322;020322;864;1000;0.80;539;60.000;4
NF;220;3870;010322;020322;4343;1000;0.80;3594;80.000;4
NF;220;3870;010322;020322;5116;1000;0.55;3617;104.000;4
NF;220;3870;010322;020322;5307;1000;0.90;3629;72.000;4

﻿NF;230;3862;010322;020322;1111;8000;0;2;1.000;1
NF;230;3862;010322;020322;1111;10000;0;30;1.000;1
NF;230;3862;010322;020322;1111;7000;0;36;1.000;1
NF;230;3862;010322;020322;1111;11000;0;41;1.000;1
NF;230;3862;010322;020322;1111;7000;0;46;1.000;1
NF;230;3862;010322;020322;1111;1000;0;54;1.000;1
NF;230;3862;010322;020322;1111;14000;0;56;1.000;1
NF;230;3862;010322;020322;1111;6000;0;57;1.000;1
NF;230;3862;010322;020322;1111;4000;0;74;1.000;1
NF;230;3862;010322;020322;1111;16000;0;77;1.000;1
NF;230;3862;010322;020322;1111;14000;0;81;1.000;1
NF;230;3862;010322;020322;1111;15000;0;125;1.000;1
NF;230;3862;010322;020322;1111;2000;0;199;1.000;1
NF;230;3862;010322;020322;1111;1000;0;201;1.000;1
NF;230;3862;010322;020322;1111;1000;0;208;1.000;1
NF;230;3862;010322;020322;1111;1000;0;218;1.000;1
NF;230;3862;010322;020322;1111;40000;0;222;1.000;1
NF;230;3862;010322;020322;1111;10000;0;224;1.000;1
NF;230;3862;010322;020322;1111;1000;0;238;1.000;1
NF;230;3862;010322;020322;1111;2000;0;249;1.000;1
NF;230;3862;010322;020322;1111;2000;0;262;1.000;1
NF;230;3862;010322;020322;1111;13000;0;1271;1.000;1
NF;230;3862;010322;020322;1111;4000;0;1275;1.000;1
NF;230;3862;010322;020322;1111;8000;0;1277;1.000;1
NF;230;3862;010322;020322;1111;2000;0;1308;1.000;1

NF;230;3862;010322;020322;6210;2000;0.38;534;120.000;2
NF;230;3862;010322;020322;5506;1000;1.50;3698;50.000;2

﻿NF;235;3861;010322;020322;1111;15000;0;2;1.000;1
NF;235;3861;010322;020322;1111;3000;0;4;1.000;1
NF;235;3861;010322;020322;1111;19000;0;30;1.000;1
NF;235;3861;010322;020322;1111;9000;0;36;1.000;1
NF;235;3861;010322;020322;1111;9000;0;41;1.000;1
NF;235;3861;010322;020322;1111;7000;0;46;1.000;1
NF;235;3861;010322;020322;1111;1000;0;54;1.000;1
NF;235;3861;010322;020322;1111;12000;0;56;1.000;1
NF;235;3861;010322;020322;1111;6000;0;57;1.000;1
NF;235;3861;010322;020322;1111;3000;0;74;1.000;1
NF;235;3861;010322;020322;1111;11000;0;77;1.000;1
NF;235;3861;010322;020322;1111;10000;0;81;1.000;1
NF;235;3861;010322;020322;1111;20000;0;125;1.000;1
NF;235;3861;010322;020322;1111;2000;0;199;1.000;1
NF;235;3861;010322;020322;1111;2000;0;201;1.000;1
NF;235;3861;010322;020322;1111;2000;0;208;1.000;1
NF;235;3861;010322;020322;1111;1000;0;218;1.000;1
NF;235;3861;010322;020322;1111;50000;0;222;1.000;1
NF;235;3861;010322;020322;1111;40000;0;224;1.000;1
NF;235;3861;010322;020322;1111;1000;0;238;1.000;1
NF;235;3861;010322;020322;1111;2000;0;249;1.000;1
NF;235;3861;010322;020322;1111;2000;0;262;1.000;1
NF;235;3861;010322;020322;1111;14000;0;1271;1.000;1
NF;235;3861;010322;020322;1111;5000;0;1272;1.000;1
NF;235;3861;010322;020322;1111;4000;0;1275;1.000;1
NF;235;3861;010322;020322;1111;14000;0;1277;1.000;1
NF;235;3861;010322;020322;1111;3000;0;1308;1.000;1

NF;235;3861;010322;020322;6210;2000;0.38;534;120.000;6
NF;235;3861;010322;020322;4849;2000;0.38;537;120.000;6
NF;235;3861;010322;020322;867;1000;2.20;597;15.000;6
NF;235;3861;010322;020322;4343;1000;0.80;3594;80.000;6
NF;235;3861;010322;020322;6025;1000;2.45;3707;30.000;6
NF;235;3861;010322;020322;6011;1000;0.95;30505;68.000;6

﻿NF;240;3733;010322;020322;1111;3000;0;2;1.000;1
NF;240;3733;010322;020322;1111;6000;0;30;1.000;1
NF;240;3733;010322;020322;1111;5000;0;36;1.000;1
NF;240;3733;010322;020322;1111;5000;0;41;1.000;1
NF;240;3733;010322;020322;1111;3000;0;46;1.000;1
NF;240;3733;010322;020322;1111;1000;0;54;1.000;1
NF;240;3733;010322;020322;1111;3000;0;56;1.000;1
NF;240;3733;010322;020322;1111;3000;0;57;1.000;1
NF;240;3733;010322;020322;1111;3000;0;74;1.000;1
NF;240;3733;010322;020322;1111;8000;0;77;1.000;1
NF;240;3733;010322;020322;1111;10000;0;81;1.000;1
NF;240;3733;010322;020322;1111;20000;0;125;1.000;1
NF;240;3733;010322;020322;1111;2000;0;199;1.000;1
NF;240;3733;010322;020322;1111;2000;0;201;1.000;1
NF;240;3733;010322;020322;1111;3000;0;208;1.000;1
NF;240;3733;010322;020322;1111;1000;0;218;1.000;1
NF;240;3733;010322;020322;1111;50000;0;222;1.000;1
NF;240;3733;010322;020322;1111;20000;0;224;1.000;1
NF;240;3733;010322;020322;1111;2000;0;238;1.000;1
NF;240;3733;010322;020322;1111;2000;0;249;1.000;1
NF;240;3733;010322;020322;1111;2000;0;262;1.000;1
NF;240;3733;010322;020322;1111;7000;0;1271;1.000;1
NF;240;3733;010322;020322;1111;3000;0;1272;1.000;1
NF;240;3733;010322;020322;1111;3000;0;1277;1.000;1
NF;240;3733;010322;020322;1111;1000;0;1308;1.000;1

NF;240;3733;010322;020322;864;2000;0.80;539;60.000;5
NF;240;3733;010322;020322;2866;1000;2.80;3571;10.000;5
NF;240;3733;010322;020322;6208;1000;0.75;3837;80.000;5
NF;240;3733;010322;020322;6011;3000;0.95;30505;68.000;5
NF;240;3733;010322;020322;5713;1000;1.25;30525;48.000;5

﻿NF;245;3735;010322;020322;1111;18000;0;2;1.000;1
NF;245;3735;010322;020322;1111;7000;0;4;1.000;1
NF;245;3735;010322;020322;1111;12000;0;30;1.000;1
NF;245;3735;010322;020322;1111;6000;0;36;1.000;1
NF;245;3735;010322;020322;1111;10000;0;41;1.000;1
NF;245;3735;010322;020322;1111;9000;0;46;1.000;1
NF;245;3735;010322;020322;1111;1000;0;54;1.000;1
NF;245;3735;010322;020322;1111;8000;0;56;1.000;1
NF;245;3735;010322;020322;1111;3000;0;57;1.000;1
NF;245;3735;010322;020322;1111;6000;0;74;1.000;1
NF;245;3735;010322;020322;1111;16000;0;77;1.000;1
NF;245;3735;010322;020322;1111;25000;0;81;1.000;1
NF;245;3735;010322;020322;1111;15000;0;125;1.000;1
NF;245;3735;010322;020322;1111;3000;0;199;1.000;1
NF;245;3735;010322;020322;1111;2000;0;201;1.000;1
NF;245;3735;010322;020322;1111;3000;0;208;1.000;1
NF;245;3735;010322;020322;1111;3000;0;218;1.000;1
NF;245;3735;010322;020322;1111;50000;0;222;1.000;1
NF;245;3735;010322;020322;1111;30000;0;224;1.000;1
NF;245;3735;010322;020322;1111;3000;0;238;1.000;1
NF;245;3735;010322;020322;1111;3000;0;249;1.000;1
NF;245;3735;010322;020322;1111;5000;0;262;1.000;1
NF;245;3735;010322;020322;1111;11000;0;1271;1.000;1
NF;245;3735;010322;020322;1111;4000;0;1272;1.000;1
NF;245;3735;010322;020322;1111;3000;0;1275;1.000;1
NF;245;3735;010322;020322;1111;8000;0;1277;1.000;1
NF;245;3735;010322;020322;1111;6000;0;1308;1.000;1

NF;245;3735;010322;020322;6210;1000;0.38;534;120.000;3
NF;245;3735;010322;020322;4849;2000;0.38;537;120.000;3
NF;245;3735;010322;020322;5506;1000;1.50;3698;50.000;3

﻿NF;255;3737;010322;020322;1111;9000;0;2;1.000;1
NF;255;3737;010322;020322;1111;8000;0;4;1.000;1
NF;255;3737;010322;020322;1111;18000;0;30;1.000;1
NF;255;3737;010322;020322;1111;10000;0;36;1.000;1
NF;255;3737;010322;020322;1111;13000;0;41;1.000;1
NF;255;3737;010322;020322;1111;5000;0;46;1.000;1
NF;255;3737;010322;020322;1111;1000;0;54;1.000;1
NF;255;3737;010322;020322;1111;7000;0;56;1.000;1
NF;255;3737;010322;020322;1111;6000;0;57;1.000;1
NF;255;3737;010322;020322;1111;3000;0;74;1.000;1
NF;255;3737;010322;020322;1111;18000;0;77;1.000;1
NF;255;3737;010322;020322;1111;15000;0;81;1.000;1
NF;255;3737;010322;020322;1111;11000;0;125;1.000;1
NF;255;3737;010322;020322;1111;2000;0;199;1.000;1
NF;255;3737;010322;020322;1111;2000;0;201;1.000;1
NF;255;3737;010322;020322;1111;2000;0;208;1.000;1
NF;255;3737;010322;020322;1111;2000;0;218;1.000;1
NF;255;3737;010322;020322;1111;35000;0;222;1.000;1
NF;255;3737;010322;020322;1111;20000;0;224;1.000;1
NF;255;3737;010322;020322;1111;2000;0;238;1.000;1
NF;255;3737;010322;020322;1111;2000;0;249;1.000;1
NF;255;3737;010322;020322;1111;5000;0;262;1.000;1
NF;255;3737;010322;020322;1111;12000;0;1271;1.000;1
NF;255;3737;010322;020322;1111;3000;0;1272;1.000;1
NF;255;3737;010322;020322;1111;3000;0;1275;1.000;1
NF;255;3737;010322;020322;1111;6000;0;1277;1.000;1
NF;255;3737;010322;020322;1111;4000;0;1308;1.000;1

NF;255;3737;010322;020322;6210;1000;0.38;534;120.000;11
NF;255;3737;010322;020322;4849;3000;0.38;537;120.000;11
NF;255;3737;010322;020322;864;1000;0.80;539;60.000;11
NF;255;3737;010322;020322;867;1000;2.20;597;15.000;11
NF;255;3737;010322;020322;6096;1000;0.70;3503;60.000;11
NF;255;3737;010322;020322;4222;1000;2.20;3547;18.000;11
NF;255;3737;010322;020322;5318;1000;1.85;3631;26.000;11
NF;255;3737;010322;020322;5416;1000;2.20;3696;20.000;11
NF;255;3737;010322;020322;5538;1000;1.85;3730;30.000;11
NF;255;3737;010322;020322;6208;1000;0.75;3837;80.000;11
NF;255;3737;010322;020322;6011;1000;0.95;30505;68.000;11

﻿NF;260;3872;010322;020322;1111;9000;0;2;1.000;1
NF;260;3872;010322;020322;1111;3000;0;4;1.000;1
NF;260;3872;010322;020322;1111;13000;0;30;1.000;1
NF;260;3872;010322;020322;1111;6000;0;36;1.000;1
NF;260;3872;010322;020322;1111;3000;0;41;1.000;1
NF;260;3872;010322;020322;1111;1000;0;46;1.000;1
NF;260;3872;010322;020322;1111;1000;0;54;1.000;1
NF;260;3872;010322;020322;1111;7000;0;56;1.000;1
NF;260;3872;010322;020322;1111;3000;0;74;1.000;1
NF;260;3872;010322;020322;1111;12000;0;77;1.000;1
NF;260;3872;010322;020322;1111;6000;0;81;1.000;1
NF;260;3872;010322;020322;1111;8000;0;125;1.000;1
NF;260;3872;010322;020322;1111;2000;0;199;1.000;1
NF;260;3872;010322;020322;1111;2000;0;201;1.000;1
NF;260;3872;010322;020322;1111;2000;0;208;1.000;1
NF;260;3872;010322;020322;1111;1000;0;218;1.000;1
NF;260;3872;010322;020322;1111;20000;0;222;1.000;1
NF;260;3872;010322;020322;1111;1000;0;238;1.000;1
NF;260;3872;010322;020322;1111;1000;0;249;1.000;1
NF;260;3872;010322;020322;1111;3000;0;262;1.000;1
NF;260;3872;010322;020322;1111;6000;0;1271;1.000;1
NF;260;3872;010322;020322;1111;1000;0;1272;1.000;1
NF;260;3872;010322;020322;1111;1000;0;1275;1.000;1
NF;260;3872;010322;020322;1111;5000;0;1277;1.000;1
NF;260;3872;010322;020322;1111;2000;0;1308;1.000;1

NF;260;3872;010322;020322;6210;1000;0.38;534;120.000;10
NF;260;3872;010322;020322;4849;1000;0.38;537;120.000;10
NF;260;3872;010322;020322;864;1000;0.80;539;60.000;10
NF;260;3872;010322;020322;867;1000;2.20;597;15.000;10
NF;260;3872;010322;020322;4222;1000;2.20;3547;18.000;10
NF;260;3872;010322;020322;5318;1000;1.85;3631;26.000;10
NF;260;3872;010322;020322;5416;1000;2.20;3696;20.000;10
NF;260;3872;010322;020322;6025;1000;2.45;3707;30.000;10
NF;260;3872;010322;020322;5538;1000;1.85;3730;30.000;10
NF;260;3872;010322;020322;5549;1000;2.40;3732;20.000;10

﻿NF;265;1647;010322;020322;1111;17000;0;2;1.000;1
NF;265;1647;010322;020322;1111;8000;0;30;1.000;1
NF;265;1647;010322;020322;1111;5000;0;36;1.000;1
NF;265;1647;010322;020322;1111;13000;0;41;1.000;1
NF;265;1647;010322;020322;1111;8000;0;46;1.000;1
NF;265;1647;010322;020322;1111;1000;0;54;1.000;1
NF;265;1647;010322;020322;1111;7000;0;56;1.000;1
NF;265;1647;010322;020322;1111;5000;0;57;1.000;1
NF;265;1647;010322;020322;1111;4000;0;74;1.000;1
NF;265;1647;010322;020322;1111;16000;0;77;1.000;1
NF;265;1647;010322;020322;1111;19000;0;81;1.000;1
NF;265;1647;010322;020322;1111;14000;0;125;1.000;1
NF;265;1647;010322;020322;1111;1000;0;199;1.000;1
NF;265;1647;010322;020322;1111;3000;0;201;1.000;1
NF;265;1647;010322;020322;1111;2000;0;208;1.000;1
NF;265;1647;010322;020322;1111;1000;0;218;1.000;1
NF;265;1647;010322;020322;1111;30000;0;222;1.000;1
NF;265;1647;010322;020322;1111;1000;0;238;1.000;1
NF;265;1647;010322;020322;1111;1000;0;249;1.000;1
NF;265;1647;010322;020322;1111;4000;0;262;1.000;1
NF;265;1647;010322;020322;1111;11000;0;1271;1.000;1
NF;265;1647;010322;020322;1111;7000;0;1272;1.000;1
NF;265;1647;010322;020322;1111;3000;0;1275;1.000;1
NF;265;1647;010322;020322;1111;7000;0;1277;1.000;1
NF;265;1647;010322;020322;1111;3000;0;1308;1.000;1

NF;265;1647;280222;020322;6210;1000;0.38;534;120.000;11
NF;265;1647;280222;020322;4849;1000;0.38;537;120.000;11
NF;265;1647;280222;020322;4343;1000;0.80;3594;80.000;11
NF;265;1647;280222;020322;5307;1000;0.90;3629;72.000;11
NF;265;1647;280222;020322;5464;1000;0.80;3697;104.000;11
NF;265;1647;280222;020322;5538;2000;1.85;3730;30.000;11
NF;265;1647;280222;020322;6103;1000;2.00;3970;20.000;11
NF;265;1647;280222;020322;6159;1000;0.90;3971;80.000;11
NF;265;1647;280222;020322;6012;1000;0.95;30506;100.000;11
NF;265;1647;280222;020322;5713;1000;1.25;30525;48.000;11
NF;265;1647;280222;020322;5409;1000;2.00;33570;60.000;11

﻿NF;275;3873;010322;020322;1111;4000;0;2;1.000;1
NF;275;3873;010322;020322;1111;2000;0;4;1.000;1
NF;275;3873;010322;020322;1111;12000;0;30;1.000;1
NF;275;3873;010322;020322;1111;4000;0;36;1.000;1
NF;275;3873;010322;020322;1111;5000;0;41;1.000;1
NF;275;3873;010322;020322;1111;4000;0;46;1.000;1
NF;275;3873;010322;020322;1111;1000;0;54;1.000;1
NF;275;3873;010322;020322;1111;3000;0;56;1.000;1
NF;275;3873;010322;020322;1111;3000;0;57;1.000;1
NF;275;3873;010322;020322;1111;8000;0;77;1.000;1
NF;275;3873;010322;020322;1111;7000;0;81;1.000;1
NF;275;3873;010322;020322;1111;15000;0;125;1.000;1
NF;275;3873;010322;020322;1111;1000;0;199;1.000;1
NF;275;3873;010322;020322;1111;1000;0;201;1.000;1
NF;275;3873;010322;020322;1111;2000;0;208;1.000;1
NF;275;3873;010322;020322;1111;1000;0;218;1.000;1
NF;275;3873;010322;020322;1111;20000;0;222;1.000;1
NF;275;3873;010322;020322;1111;1000;0;238;1.000;1
NF;275;3873;010322;020322;1111;1000;0;249;1.000;1
NF;275;3873;010322;020322;1111;3000;0;262;1.000;1
NF;275;3873;010322;020322;1111;7000;0;1271;1.000;1
NF;275;3873;010322;020322;1111;1000;0;1272;1.000;1
NF;275;3873;010322;020322;1111;3000;0;1275;1.000;1
NF;275;3873;010322;020322;1111;3000;0;1277;1.000;1
NF;275;3873;010322;020322;1111;2000;0;1308;1.000;1

NF;275;3873;010322;020322;6013;1000;0.75;521;104.000;4
NF;275;3873;010322;020322;6210;2000;0.38;534;120.000;4
NF;275;3873;010322;020322;4849;2000;0.38;537;120.000;4
NF;275;3873;010322;020322;867;1000;2.20;597;15.000;4

﻿NF;280;1655;010322;020322;1111;17000;0;2;1.000;1
NF;280;1655;010322;020322;1111;9000;0;4;1.000;1
NF;280;1655;010322;020322;1111;16000;0;30;1.000;1
NF;280;1655;010322;020322;1111;8000;0;36;1.000;1
NF;280;1655;010322;020322;1111;15000;0;41;1.000;1
NF;280;1655;010322;020322;1111;7000;0;46;1.000;1
NF;280;1655;010322;020322;1111;2000;0;54;1.000;1
NF;280;1655;010322;020322;1111;10000;0;56;1.000;1
NF;280;1655;010322;020322;1111;5000;0;57;1.000;1
NF;280;1655;010322;020322;1111;6000;0;74;1.000;1
NF;280;1655;010322;020322;1111;24000;0;77;1.000;1
NF;280;1655;010322;020322;1111;21000;0;81;1.000;1
NF;280;1655;010322;020322;1111;23000;0;125;1.000;1
NF;280;1655;010322;020322;1111;3000;0;199;1.000;1
NF;280;1655;010322;020322;1111;5000;0;201;1.000;1
NF;280;1655;010322;020322;1111;3000;0;208;1.000;1
NF;280;1655;010322;020322;1111;3000;0;218;1.000;1
NF;280;1655;010322;020322;1111;50000;0;222;1.000;1
NF;280;1655;010322;020322;1111;2000;0;238;1.000;1
NF;280;1655;010322;020322;1111;2000;0;249;1.000;1
NF;280;1655;010322;020322;1111;5000;0;262;1.000;1
NF;280;1655;010322;020322;1111;17000;0;1271;1.000;1
NF;280;1655;010322;020322;1111;8000;0;1272;1.000;1
NF;280;1655;010322;020322;1111;6000;0;1275;1.000;1
NF;280;1655;010322;020322;1111;11000;0;1277;1.000;1
NF;280;1655;010322;020322;1111;4000;0;1308;1.000;1

NF;280;1655;010322;020322;6210;2000;0.38;534;120.000;11
NF;280;1655;010322;020322;4849;1000;0.38;537;120.000;11
NF;280;1655;010322;020322;864;1000;0.80;539;60.000;11
NF;280;1655;010322;020322;867;2000;2.20;597;15.000;11
NF;280;1655;010322;020322;6096;1000;0.70;3503;60.000;11
NF;280;1655;010322;020322;4222;1000;2.20;3547;18.000;11
NF;280;1655;010322;020322;5318;2000;1.85;3631;26.000;11
NF;280;1655;010322;020322;5416;1000;2.20;3696;20.000;11
NF;280;1655;010322;020322;5464;1000;0.80;3697;104.000;11
NF;280;1655;010322;020322;6025;1000;2.45;3707;30.000;11
NF;280;1655;010322;020322;4793;1000;1.30;3888;54.000;11

﻿NF;285;3741;010322;020322;1111;13000;0;2;1.000;1
NF;285;3741;010322;020322;1111;12000;0;4;1.000;1
NF;285;3741;010322;020322;1111;5000;0;30;1.000;1
NF;285;3741;010322;020322;1111;8000;0;41;1.000;1
NF;285;3741;010322;020322;1111;1000;0;54;1.000;1
NF;285;3741;010322;020322;1111;3000;0;56;1.000;1
NF;285;3741;010322;020322;1111;3000;0;57;1.000;1
NF;285;3741;010322;020322;1111;4000;0;74;1.000;1
NF;285;3741;010322;020322;1111;10000;0;77;1.000;1
NF;285;3741;010322;020322;1111;12000;0;81;1.000;1
NF;285;3741;010322;020322;1111;15000;0;125;1.000;1
NF;285;3741;010322;020322;1111;2000;0;199;1.000;1
NF;285;3741;010322;020322;1111;2000;0;201;1.000;1
NF;285;3741;010322;020322;1111;1000;0;208;1.000;1
NF;285;3741;010322;020322;1111;2000;0;218;1.000;1
NF;285;3741;010322;020322;1111;20000;0;222;1.000;1
NF;285;3741;010322;020322;1111;1000;0;238;1.000;1
NF;285;3741;010322;020322;1111;1000;0;249;1.000;1
NF;285;3741;010322;020322;1111;3000;0;262;1.000;1
NF;285;3741;010322;020322;1111;4000;0;1271;1.000;1
NF;285;3741;010322;020322;1111;3000;0;1277;1.000;1
NF;285;3741;010322;020322;1111;2000;0;1308;1.000;1

NF;285;3741;010322;020322;6210;2000;0.38;534;120.000;5
NF;285;3741;010322;020322;4849;2000;0.38;537;120.000;5
NF;285;3741;010322;020322;2866;1000;2.80;3571;10.000;5
NF;285;3741;010322;020322;5318;1000;1.85;3631;26.000;5
NF;285;3741;010322;020322;5549;1000;2.40;3732;20.000;5

﻿NF;295;1661;010322;020322;1111;7000;0;2;1.000;1
NF;295;1661;010322;020322;1111;3000;0;4;1.000;1
NF;295;1661;010322;020322;1111;6000;0;30;1.000;1
NF;295;1661;010322;020322;1111;4000;0;36;1.000;1
NF;295;1661;010322;020322;1111;9000;0;41;1.000;1
NF;295;1661;010322;020322;1111;5000;0;46;1.000;1
NF;295;1661;010322;020322;1111;1000;0;54;1.000;1
NF;295;1661;010322;020322;1111;8000;0;56;1.000;1
NF;295;1661;010322;020322;1111;3000;0;57;1.000;1
NF;295;1661;010322;020322;1111;4000;0;74;1.000;1
NF;295;1661;010322;020322;1111;12000;0;77;1.000;1
NF;295;1661;010322;020322;1111;9000;0;81;1.000;1
NF;295;1661;010322;020322;1111;15000;0;125;1.000;1
NF;295;1661;010322;020322;1111;2000;0;199;1.000;1
NF;295;1661;010322;020322;1111;3000;0;201;1.000;1
NF;295;1661;010322;020322;1111;3000;0;208;1.000;1
NF;295;1661;010322;020322;1111;3000;0;218;1.000;1
NF;295;1661;010322;020322;1111;25000;0;222;1.000;1
NF;295;1661;010322;020322;1111;2000;0;238;1.000;1
NF;295;1661;010322;020322;1111;2000;0;249;1.000;1
NF;295;1661;010322;020322;1111;4000;0;262;1.000;1
NF;295;1661;010322;020322;1111;8000;0;1271;1.000;1
NF;295;1661;010322;020322;1111;1000;0;1272;1.000;1
NF;295;1661;010322;020322;1111;3000;0;1275;1.000;1
NF;295;1661;010322;020322;1111;3000;0;1277;1.000;1
NF;295;1661;010322;020322;1111;2000;0;1308;1.000;1

NF;295;1661;010322;020322;6210;1000;0.38;534;120.000;7
NF;295;1661;010322;020322;4849;1000;0.38;537;120.000;7
NF;295;1661;010322;020322;5116;1000;0.55;3617;104.000;7
NF;295;1661;010322;020322;5416;1000;2.20;3696;20.000;7
NF;295;1661;010322;020322;4793;2000;1.30;3888;54.000;7
NF;295;1661;010322;020322;6011;1000;0.95;30505;68.000;7
NF;295;1661;010322;020322;5409;2000;2.00;33570;60.000;7

﻿NF;300;1667;010322;020322;1111;13000;0;2;1.000;1
NF;300;1667;010322;020322;1111;12000;0;30;1.000;1
NF;300;1667;010322;020322;1111;6000;0;36;1.000;1
NF;300;1667;010322;020322;1111;12000;0;41;1.000;1
NF;300;1667;010322;020322;1111;10000;0;46;1.000;1
NF;300;1667;010322;020322;1111;1000;0;54;1.000;1
NF;300;1667;010322;020322;1111;7000;0;56;1.000;1
NF;300;1667;010322;020322;1111;4000;0;57;1.000;1
NF;300;1667;010322;020322;1111;4000;0;74;1.000;1
NF;300;1667;010322;020322;1111;12000;0;77;1.000;1
NF;300;1667;010322;020322;1111;8000;0;81;1.000;1
NF;300;1667;010322;020322;1111;20000;0;125;1.000;1
NF;300;1667;010322;020322;1111;1000;0;199;1.000;1
NF;300;1667;010322;020322;1111;2000;0;201;1.000;1
NF;300;1667;010322;020322;1111;2000;0;208;1.000;1
NF;300;1667;010322;020322;1111;1000;0;218;1.000;1
NF;300;1667;010322;020322;1111;20000;0;222;1.000;1
NF;300;1667;010322;020322;1111;1000;0;238;1.000;1
NF;300;1667;010322;020322;1111;1000;0;249;1.000;1
NF;300;1667;010322;020322;1111;3000;0;262;1.000;1
NF;300;1667;010322;020322;1111;10000;0;1271;1.000;1
NF;300;1667;010322;020322;1111;3000;0;1275;1.000;1
NF;300;1667;010322;020322;1111;4000;0;1277;1.000;1
NF;300;1667;010322;020322;1111;2000;0;1308;1.000;1

NF;300;1667;280222;020322;6210;3000;0.38;534;120.000;16
NF;300;1667;280222;020322;4849;2000;0.38;537;120.000;16
NF;300;1667;280222;020322;867;1000;2.20;597;15.000;16
NF;300;1667;280222;020322;4222;1000;2.20;3547;18.000;16
NF;300;1667;280222;020322;4343;1000;0.80;3594;80.000;16
NF;300;1667;280222;020322;5116;1000;0.55;3617;104.000;16
NF;300;1667;280222;020322;5307;1000;0.90;3629;72.000;16
NF;300;1667;280222;020322;5318;1000;1.85;3631;26.000;16
NF;300;1667;280222;020322;5464;1000;0.80;3697;104.000;16
NF;300;1667;280222;020322;5506;1000;1.50;3698;50.000;16
NF;300;1667;280222;020322;6025;1000;2.45;3707;30.000;16
NF;300;1667;280222;020322;5557;1000;2.30;3735;26.000;16
NF;300;1667;280222;020322;6208;1000;0.75;3837;80.000;16
NF;300;1667;280222;020322;6103;1000;2.00;3970;20.000;16
NF;300;1667;280222;020322;6011;1000;0.95;30505;68.000;16
NF;300;1667;280222;020322;6012;1000;0.95;30506;100.000;16

﻿NF;305;3767;010322;020322;1111;5000;0;2;1.000;1
NF;305;3767;010322;020322;1111;3000;0;4;1.000;1
NF;305;3767;010322;020322;1111;10000;0;30;1.000;1
NF;305;3767;010322;020322;1111;8000;0;36;1.000;1
NF;305;3767;010322;020322;1111;9000;0;41;1.000;1
NF;305;3767;010322;020322;1111;5000;0;46;1.000;1
NF;305;3767;010322;020322;1111;1000;0;54;1.000;1
NF;305;3767;010322;020322;1111;4000;0;56;1.000;1
NF;305;3767;010322;020322;1111;3000;0;57;1.000;1
NF;305;3767;010322;020322;1111;3000;0;74;1.000;1
NF;305;3767;010322;020322;1111;16000;0;77;1.000;1
NF;305;3767;010322;020322;1111;8000;0;81;1.000;1
NF;305;3767;010322;020322;1111;10000;0;125;1.000;1
NF;305;3767;010322;020322;1111;2000;0;199;1.000;1
NF;305;3767;010322;020322;1111;2000;0;201;1.000;1
NF;305;3767;010322;020322;1111;2000;0;208;1.000;1
NF;305;3767;010322;020322;1111;2000;0;218;1.000;1
NF;305;3767;010322;020322;1111;25000;0;222;1.000;1
NF;305;3767;010322;020322;1111;15000;0;224;1.000;1
NF;305;3767;010322;020322;1111;1000;0;238;1.000;1
NF;305;3767;010322;020322;1111;2000;0;249;1.000;1
NF;305;3767;010322;020322;1111;3000;0;262;1.000;1
NF;305;3767;010322;020322;1111;11000;0;1271;1.000;1
NF;305;3767;010322;020322;1111;1000;0;1272;1.000;1
NF;305;3767;010322;020322;1111;3000;0;1275;1.000;1
NF;305;3767;010322;020322;1111;3000;0;1277;1.000;1
NF;305;3767;010322;020322;1111;2000;0;1308;1.000;1

NF;305;3767;010322;020322;6210;2000;0.38;534;120.000;7
NF;305;3767;010322;020322;4849;2000;0.38;537;120.000;7
NF;305;3767;010322;020322;867;2000;2.20;597;15.000;7
NF;305;3767;010322;020322;4222;1000;2.20;3547;18.000;7
NF;305;3767;010322;020322;5318;1000;1.85;3631;26.000;7
NF;305;3767;010322;020322;5416;1000;2.20;3696;20.000;7
NF;305;3767;010322;020322;5410;1000;1.20;33579;60.000;7

﻿NF;315;1671;010322;020322;1111;14000;0;2;1.000;1
NF;315;1671;010322;020322;1111;10000;0;4;1.000;1
NF;315;1671;010322;020322;1111;13000;0;30;1.000;1
NF;315;1671;010322;020322;1111;8000;0;36;1.000;1
NF;315;1671;010322;020322;1111;15000;0;41;1.000;1
NF;315;1671;010322;020322;1111;5000;0;46;1.000;1
NF;315;1671;010322;020322;1111;3000;0;54;1.000;1
NF;315;1671;010322;020322;1111;11000;0;56;1.000;1
NF;315;1671;010322;020322;1111;10000;0;57;1.000;1
NF;315;1671;010322;020322;1111;4000;0;74;1.000;1
NF;315;1671;010322;020322;1111;20000;0;77;1.000;1
NF;315;1671;010322;020322;1111;19000;0;81;1.000;1
NF;315;1671;010322;020322;1111;20000;0;125;1.000;1
NF;315;1671;010322;020322;1111;2000;0;199;1.000;1
NF;315;1671;010322;020322;1111;3000;0;201;1.000;1
NF;315;1671;010322;020322;1111;2000;0;208;1.000;1
NF;315;1671;010322;020322;1111;2000;0;218;1.000;1
NF;315;1671;010322;020322;1111;60000;0;222;1.000;1
NF;315;1671;010322;020322;1111;20000;0;224;1.000;1
NF;315;1671;010322;020322;1111;2000;0;238;1.000;1
NF;315;1671;010322;020322;1111;2000;0;249;1.000;1
NF;315;1671;010322;020322;1111;2000;0;262;1.000;1
NF;315;1671;010322;020322;1111;20000;0;1271;1.000;1
NF;315;1671;010322;020322;1111;1000;0;1272;1.000;1
NF;315;1671;010322;020322;1111;6000;0;1275;1.000;1
NF;315;1671;010322;020322;1111;13000;0;1277;1.000;1
NF;315;1671;010322;020322;1111;3000;0;1308;1.000;1
NF;315;1671;260222;020322;1111;3000;0;7006;1.000;1

﻿NF;320;3859;010322;020322;1111;3000;0;2;1.000;1
NF;320;3859;010322;020322;1111;6000;0;30;1.000;1
NF;320;3859;010322;020322;1111;3000;0;36;1.000;1
NF;320;3859;010322;020322;1111;9000;0;41;1.000;1
NF;320;3859;010322;020322;1111;6000;0;46;1.000;1
NF;320;3859;010322;020322;1111;1000;0;54;1.000;1
NF;320;3859;010322;020322;1111;4000;0;56;1.000;1
NF;320;3859;010322;020322;1111;4000;0;57;1.000;1
NF;320;3859;010322;020322;1111;3000;0;74;1.000;1
NF;320;3859;010322;020322;1111;7000;0;77;1.000;1
NF;320;3859;010322;020322;1111;8000;0;81;1.000;1
NF;320;3859;010322;020322;1111;14000;0;125;1.000;1
NF;320;3859;010322;020322;1111;1000;0;199;1.000;1
NF;320;3859;010322;020322;1111;2000;0;201;1.000;1
NF;320;3859;010322;020322;1111;1000;0;208;1.000;1
NF;320;3859;010322;020322;1111;2000;0;218;1.000;1
NF;320;3859;010322;020322;1111;20000;0;222;1.000;1
NF;320;3859;010322;020322;1111;10000;0;224;1.000;1
NF;320;3859;010322;020322;1111;2000;0;238;1.000;1
NF;320;3859;010322;020322;1111;2000;0;249;1.000;1
NF;320;3859;010322;020322;1111;3000;0;262;1.000;1
NF;320;3859;010322;020322;1111;8000;0;1271;1.000;1
NF;320;3859;010322;020322;1111;5000;0;1277;1.000;1
NF;320;3859;010322;020322;1111;2000;0;1308;1.000;1

NF;320;3859;010322;020322;4849;2000;0.38;537;120.000;4
NF;320;3859;010322;020322;6096;1000;0.70;3503;60.000;4
NF;320;3859;010322;020322;5506;1000;1.50;3698;50.000;4
NF;320;3859;010322;020322;6011;1000;0.95;30505;68.000;4

﻿NF;325;1678;010322;020322;1111;6000;0;2;1.000;1
NF;325;1678;010322;020322;1111;13000;0;30;1.000;1
NF;325;1678;010322;020322;1111;4000;0;36;1.000;1
NF;325;1678;010322;020322;1111;10000;0;41;1.000;1
NF;325;1678;010322;020322;1111;3000;0;46;1.000;1
NF;325;1678;010322;020322;1111;2000;0;54;1.000;1
NF;325;1678;010322;020322;1111;4000;0;56;1.000;1
NF;325;1678;010322;020322;1111;6000;0;57;1.000;1
NF;325;1678;010322;020322;1111;12000;0;77;1.000;1
NF;325;1678;010322;020322;1111;15000;0;81;1.000;1
NF;325;1678;010322;020322;1111;20000;0;125;1.000;1
NF;325;1678;010322;020322;1111;2000;0;199;1.000;1
NF;325;1678;010322;020322;1111;2000;0;201;1.000;1
NF;325;1678;010322;020322;1111;2000;0;208;1.000;1
NF;325;1678;010322;020322;1111;2000;0;218;1.000;1
NF;325;1678;010322;020322;1111;60000;0;222;1.000;1
NF;325;1678;010322;020322;1111;30000;0;224;1.000;1
NF;325;1678;010322;020322;1111;2000;0;238;1.000;1
NF;325;1678;010322;020322;1111;2000;0;249;1.000;1
NF;325;1678;010322;020322;1111;2000;0;262;1.000;1
NF;325;1678;010322;020322;1111;14000;0;1271;1.000;1
NF;325;1678;010322;020322;1111;11000;0;1272;1.000;1
NF;325;1678;010322;020322;1111;3000;0;1275;1.000;1
NF;325;1678;010322;020322;1111;4000;0;1277;1.000;1
NF;325;1678;010322;020322;1111;2000;0;1308;1.000;1

NF;325;1678;010322;020322;864;1000;0.80;539;60.000;4
NF;325;1678;010322;020322;5506;1000;1.50;3698;50.000;4
NF;325;1678;010322;020322;6103;1000;2.00;3970;20.000;4
NF;325;1678;010322;020322;6011;1000;0.95;30505;68.000;4

﻿NF;330;3871;010322;020322;1111;5000;0;2;1.000;1
NF;330;3871;010322;020322;1111;11000;0;30;1.000;1
NF;330;3871;010322;020322;1111;4000;0;36;1.000;1
NF;330;3871;010322;020322;1111;8000;0;41;1.000;1
NF;330;3871;010322;020322;1111;5000;0;46;1.000;1
NF;330;3871;010322;020322;1111;1000;0;54;1.000;1
NF;330;3871;010322;020322;1111;3000;0;56;1.000;1
NF;330;3871;010322;020322;1111;3000;0;57;1.000;1
NF;330;3871;010322;020322;1111;3000;0;74;1.000;1
NF;330;3871;010322;020322;1111;12000;0;77;1.000;1
NF;330;3871;010322;020322;1111;7000;0;81;1.000;1
NF;330;3871;010322;020322;1111;15000;0;125;1.000;1
NF;330;3871;010322;020322;1111;1000;0;199;1.000;1
NF;330;3871;010322;020322;1111;2000;0;201;1.000;1
NF;330;3871;010322;020322;1111;2000;0;208;1.000;1
NF;330;3871;010322;020322;1111;2000;0;218;1.000;1
NF;330;3871;010322;020322;1111;25000;0;222;1.000;1
NF;330;3871;010322;020322;1111;15000;0;224;1.000;1
NF;330;3871;010322;020322;1111;1000;0;238;1.000;1
NF;330;3871;010322;020322;1111;1000;0;249;1.000;1
NF;330;3871;010322;020322;1111;4000;0;262;1.000;1
NF;330;3871;010322;020322;1111;7000;0;1271;1.000;1
NF;330;3871;010322;020322;1111;4000;0;1272;1.000;1
NF;330;3871;010322;020322;1111;3000;0;1275;1.000;1
NF;330;3871;010322;020322;1111;7000;0;1277;1.000;1
NF;330;3871;010322;020322;1111;2000;0;1308;1.000;1

NF;330;3871;010322;020322;6210;3000;0.38;534;120.000;7
NF;330;3871;010322;020322;4849;3000;0.38;537;120.000;7
NF;330;3871;010322;020322;864;1000;0.80;539;60.000;7
NF;330;3871;010322;020322;867;2000;2.20;597;15.000;7
NF;330;3871;010322;020322;6096;1000;0.70;3503;60.000;7
NF;330;3871;010322;020322;6208;1000;0.75;3837;80.000;7
NF;330;3871;010322;020322;5409;1000;2.00;33570;60.000;7

﻿NF;335;1683;010322;020322;1111;4000;0;2;1.000;1
NF;335;1683;010322;020322;1111;8000;0;30;1.000;1
NF;335;1683;010322;020322;1111;8000;0;36;1.000;1
NF;335;1683;010322;020322;1111;10000;0;41;1.000;1
NF;335;1683;010322;020322;1111;4000;0;46;1.000;1
NF;335;1683;010322;020322;1111;1000;0;54;1.000;1
NF;335;1683;010322;020322;1111;10000;0;56;1.000;1
NF;335;1683;010322;020322;1111;4000;0;57;1.000;1
NF;335;1683;010322;020322;1111;4000;0;74;1.000;1
NF;335;1683;010322;020322;1111;5000;0;77;1.000;1
NF;335;1683;010322;020322;1111;5000;0;81;1.000;1
NF;335;1683;010322;020322;1111;10000;0;125;1.000;1
NF;335;1683;010322;020322;1111;1000;0;199;1.000;1
NF;335;1683;010322;020322;1111;1000;0;201;1.000;1
NF;335;1683;010322;020322;1111;1000;0;208;1.000;1
NF;335;1683;010322;020322;1111;1000;0;218;1.000;1
NF;335;1683;010322;020322;1111;30000;0;222;1.000;1
NF;335;1683;010322;020322;1111;18000;0;224;1.000;1
NF;335;1683;010322;020322;1111;1000;0;238;1.000;1
NF;335;1683;010322;020322;1111;1000;0;249;1.000;1
NF;335;1683;010322;020322;1111;2000;0;262;1.000;1
NF;335;1683;010322;020322;1111;8000;0;1271;1.000;1
NF;335;1683;010322;020322;1111;2000;0;1272;1.000;1
NF;335;1683;010322;020322;1111;4000;0;1275;1.000;1
NF;335;1683;010322;020322;1111;4000;0;1277;1.000;1
NF;335;1683;010322;020322;1111;1000;0;1308;1.000;1


﻿NF;340;1686;010322;020322;1111;5000;0;2;1.000;1
NF;340;1686;010322;020322;1111;11000;0;30;1.000;1
NF;340;1686;010322;020322;1111;9000;0;36;1.000;1
NF;340;1686;010322;020322;1111;10000;0;41;1.000;1
NF;340;1686;010322;020322;1111;3000;0;46;1.000;1
NF;340;1686;010322;020322;1111;1000;0;54;1.000;1
NF;340;1686;010322;020322;1111;8000;0;56;1.000;1
NF;340;1686;010322;020322;1111;3000;0;57;1.000;1
NF;340;1686;010322;020322;1111;5000;0;74;1.000;1
NF;340;1686;010322;020322;1111;12000;0;77;1.000;1
NF;340;1686;010322;020322;1111;12000;0;81;1.000;1
NF;340;1686;010322;020322;1111;15000;0;125;1.000;1
NF;340;1686;010322;020322;1111;2000;0;199;1.000;1
NF;340;1686;010322;020322;1111;1000;0;201;1.000;1
NF;340;1686;010322;020322;1111;2000;0;208;1.000;1
NF;340;1686;010322;020322;1111;2000;0;218;1.000;1
NF;340;1686;010322;020322;1111;70000;0;222;1.000;1
NF;340;1686;010322;020322;1111;20000;0;224;1.000;1
NF;340;1686;010322;020322;1111;2000;0;238;1.000;1
NF;340;1686;010322;020322;1111;2000;0;249;1.000;1
NF;340;1686;010322;020322;1111;2000;0;262;1.000;1
NF;340;1686;010322;020322;1111;12000;0;1271;1.000;1
NF;340;1686;010322;020322;1111;5000;0;1272;1.000;1
NF;340;1686;010322;020322;1111;3000;0;1275;1.000;1
NF;340;1686;010322;020322;1111;5000;0;1277;1.000;1
NF;340;1686;010322;020322;1111;2000;0;1308;1.000;1

NF;340;1686;010322;020322;6210;1000;0.38;534;120.000;3
NF;340;1686;010322;020322;4849;3000;0.38;537;120.000;3
NF;340;1686;010322;020322;5318;2000;1.85;3631;26.000;3

﻿NF;345;1631;010322;020322;1111;15000;0;2;1.000;1
NF;345;1631;010322;020322;1111;7000;0;4;1.000;1
NF;345;1631;010322;020322;1111;9000;0;30;1.000;1
NF;345;1631;010322;020322;1111;4000;0;36;1.000;1
NF;345;1631;010322;020322;1111;11000;0;41;1.000;1
NF;345;1631;010322;020322;1111;5000;0;46;1.000;1
NF;345;1631;010322;020322;1111;1000;0;54;1.000;1
NF;345;1631;010322;020322;1111;6000;0;56;1.000;1
NF;345;1631;010322;020322;1111;3000;0;57;1.000;1
NF;345;1631;010322;020322;1111;4000;0;74;1.000;1
NF;345;1631;010322;020322;1111;16000;0;77;1.000;1
NF;345;1631;010322;020322;1111;13000;0;81;1.000;1
NF;345;1631;010322;020322;1111;12000;0;125;1.000;1
NF;345;1631;010322;020322;1111;2000;0;199;1.000;1
NF;345;1631;010322;020322;1111;3000;0;201;1.000;1
NF;345;1631;010322;020322;1111;2000;0;208;1.000;1
NF;345;1631;010322;020322;1111;2000;0;218;1.000;1
NF;345;1631;010322;020322;1111;25000;0;222;1.000;1
NF;345;1631;010322;020322;1111;2000;0;238;1.000;1
NF;345;1631;010322;020322;1111;2000;0;249;1.000;1
NF;345;1631;010322;020322;1111;4000;0;262;1.000;1
NF;345;1631;010322;020322;1111;7000;0;1271;1.000;1
NF;345;1631;010322;020322;1111;4000;0;1272;1.000;1
NF;345;1631;010322;020322;1111;4000;0;1275;1.000;1
NF;345;1631;010322;020322;1111;7000;0;1277;1.000;1
NF;345;1631;010322;020322;1111;3000;0;1308;1.000;1


﻿NF;350;1633;010322;020322;1111;10000;0;2;1.000;1
NF;350;1633;010322;020322;1111;5000;0;4;1.000;1
NF;350;1633;010322;020322;1111;9000;0;30;1.000;1
NF;350;1633;010322;020322;1111;11000;0;36;1.000;1
NF;350;1633;010322;020322;1111;11000;0;41;1.000;1
NF;350;1633;010322;020322;1111;6000;0;46;1.000;1
NF;350;1633;010322;020322;1111;1000;0;54;1.000;1
NF;350;1633;010322;020322;1111;13000;0;56;1.000;1
NF;350;1633;010322;020322;1111;4000;0;57;1.000;1
NF;350;1633;010322;020322;1111;6000;0;74;1.000;1
NF;350;1633;010322;020322;1111;18000;0;77;1.000;1
NF;350;1633;010322;020322;1111;16000;0;81;1.000;1
NF;350;1633;010322;020322;1111;15000;0;125;1.000;1
NF;350;1633;010322;020322;1111;2000;0;199;1.000;1
NF;350;1633;010322;020322;1111;3000;0;201;1.000;1
NF;350;1633;010322;020322;1111;2000;0;208;1.000;1
NF;350;1633;010322;020322;1111;2000;0;218;1.000;1
NF;350;1633;010322;020322;1111;35000;0;222;1.000;1
NF;350;1633;010322;020322;1111;2000;0;238;1.000;1
NF;350;1633;010322;020322;1111;2000;0;249;1.000;1
NF;350;1633;010322;020322;1111;5000;0;262;1.000;1
NF;350;1633;010322;020322;1111;13000;0;1271;1.000;1
NF;350;1633;010322;020322;1111;5000;0;1272;1.000;1
NF;350;1633;010322;020322;1111;3000;0;1275;1.000;1
NF;350;1633;010322;020322;1111;11000;0;1277;1.000;1
NF;350;1633;010322;020322;1111;4000;0;1308;1.000;1

NF;350;1633;010322;020322;5416;1000;2.20;3696;20.000;4
NF;350;1633;010322;020322;5549;1000;2.40;3732;20.000;4
NF;350;1633;010322;020322;4793;1000;1.30;3888;54.000;4
NF;350;1633;010322;020322;5409;1000;2.00;33570;60.000;4

﻿NF;360;1688;010322;020322;1111;14000;0;2;1.000;1
NF;360;1688;010322;020322;1111;5000;0;4;1.000;1
NF;360;1688;010322;020322;1111;21000;0;30;1.000;1
NF;360;1688;010322;020322;1111;10000;0;36;1.000;1
NF;360;1688;010322;020322;1111;22000;0;41;1.000;1
NF;360;1688;010322;020322;1111;10000;0;46;1.000;1
NF;360;1688;010322;020322;1111;2000;0;54;1.000;1
NF;360;1688;010322;020322;1111;23000;0;56;1.000;1
NF;360;1688;010322;020322;1111;10000;0;57;1.000;1
NF;360;1688;010322;020322;1111;7000;0;74;1.000;1
NF;360;1688;010322;020322;1111;25000;0;77;1.000;1
NF;360;1688;010322;020322;1111;19000;0;81;1.000;1
NF;360;1688;010322;020322;1111;35000;0;125;1.000;1
NF;360;1688;010322;020322;1111;2000;0;199;1.000;1
NF;360;1688;010322;020322;1111;4000;0;201;1.000;1
NF;360;1688;010322;020322;1111;3000;0;208;1.000;1
NF;360;1688;010322;020322;1111;3000;0;218;1.000;1
NF;360;1688;010322;020322;1111;60000;0;222;1.000;1
NF;360;1688;010322;020322;1111;20000;0;224;1.000;1
NF;360;1688;010322;020322;1111;2000;0;238;1.000;1
NF;360;1688;010322;020322;1111;3000;0;249;1.000;1
NF;360;1688;010322;020322;1111;3000;0;262;1.000;1
NF;360;1688;010322;020322;1111;27000;0;1271;1.000;1
NF;360;1688;010322;020322;1111;7000;0;1272;1.000;1
NF;360;1688;010322;020322;1111;10000;0;1275;1.000;1
NF;360;1688;010322;020322;1111;11000;0;1277;1.000;1
NF;360;1688;010322;020322;1111;3000;0;1308;1.000;1

NF;360;1688;010322;020322;6210;3000;0.38;534;120.000;6
NF;360;1688;010322;020322;864;1000;0.80;539;60.000;6
NF;360;1688;010322;020322;867;2000;2.20;597;15.000;6
NF;360;1688;010322;020322;4222;1000;2.20;3547;18.000;6
NF;360;1688;010322;020322;5464;1000;0.80;3697;104.000;6
NF;360;1688;010322;020322;6025;2000;2.45;3707;30.000;6

﻿NF;365;1663;010322;020322;1111;13000;0;2;1.000;1
NF;365;1663;010322;020322;1111;11000;0;4;1.000;1
NF;365;1663;010322;020322;1111;10000;0;30;1.000;1
NF;365;1663;010322;020322;1111;6000;0;36;1.000;1
NF;365;1663;010322;020322;1111;14000;0;41;1.000;1
NF;365;1663;010322;020322;1111;3000;0;46;1.000;1
NF;365;1663;010322;020322;1111;1000;0;54;1.000;1
NF;365;1663;010322;020322;1111;7000;0;56;1.000;1
NF;365;1663;010322;020322;1111;6000;0;57;1.000;1
NF;365;1663;010322;020322;1111;4000;0;74;1.000;1
NF;365;1663;010322;020322;1111;12000;0;77;1.000;1
NF;365;1663;010322;020322;1111;16000;0;81;1.000;1
NF;365;1663;010322;020322;1111;20000;0;125;1.000;1
NF;365;1663;010322;020322;1111;1000;0;199;1.000;1
NF;365;1663;010322;020322;1111;2000;0;201;1.000;1
NF;365;1663;010322;020322;1111;1000;0;208;1.000;1
NF;365;1663;010322;020322;1111;1000;0;218;1.000;1
NF;365;1663;010322;020322;1111;60000;0;222;1.000;1
NF;365;1663;010322;020322;1111;15000;0;224;1.000;1
NF;365;1663;010322;020322;1111;2000;0;238;1.000;1
NF;365;1663;010322;020322;1111;2000;0;249;1.000;1
NF;365;1663;010322;020322;1111;2000;0;262;1.000;1
NF;365;1663;010322;020322;1111;7000;0;1271;1.000;1
NF;365;1663;010322;020322;1111;3000;0;1275;1.000;1
NF;365;1663;010322;020322;1111;6000;0;1277;1.000;1
NF;365;1663;010322;020322;1111;2000;0;1308;1.000;1

NF;365;1663;010322;020322;6013;1000;0.75;521;104.000;6
NF;365;1663;010322;020322;6210;5000;0.38;534;120.000;6
NF;365;1663;010322;020322;4849;2000;0.38;537;120.000;6
NF;365;1663;010322;020322;867;1000;2.20;597;15.000;6
NF;365;1663;010322;020322;4343;1000;0.80;3594;80.000;6
NF;365;1663;010322;020322;6025;1000;2.45;3707;30.000;6

﻿NF;370;3863;010322;020322;1111;6000;0;2;1.000;1
NF;370;3863;010322;020322;1111;7000;0;30;1.000;1
NF;370;3863;010322;020322;1111;3000;0;36;1.000;1
NF;370;3863;010322;020322;1111;10000;0;41;1.000;1
NF;370;3863;010322;020322;1111;3000;0;46;1.000;1
NF;370;3863;010322;020322;1111;1000;0;54;1.000;1
NF;370;3863;010322;020322;1111;4000;0;56;1.000;1
NF;370;3863;010322;020322;1111;3000;0;57;1.000;1
NF;370;3863;010322;020322;1111;4000;0;74;1.000;1
NF;370;3863;010322;020322;1111;8000;0;77;1.000;1
NF;370;3863;010322;020322;1111;10000;0;81;1.000;1
NF;370;3863;010322;020322;1111;10000;0;125;1.000;1
NF;370;3863;010322;020322;1111;1000;0;199;1.000;1
NF;370;3863;010322;020322;1111;2000;0;201;1.000;1
NF;370;3863;010322;020322;1111;2000;0;208;1.000;1
NF;370;3863;010322;020322;1111;1000;0;218;1.000;1
NF;370;3863;010322;020322;1111;30000;0;222;1.000;1
NF;370;3863;010322;020322;1111;20000;0;224;1.000;1
NF;370;3863;010322;020322;1111;1000;0;238;1.000;1
NF;370;3863;010322;020322;1111;1000;0;249;1.000;1
NF;370;3863;010322;020322;1111;2000;0;262;1.000;1
NF;370;3863;010322;020322;1111;7000;0;1271;1.000;1
NF;370;3863;010322;020322;1111;4000;0;1277;1.000;1
NF;370;3863;010322;020322;1111;2000;0;1308;1.000;1

NF;370;3863;010322;020322;6210;2000;0.38;534;120.000;8
NF;370;3863;010322;020322;4849;2000;0.38;537;120.000;8
NF;370;3863;010322;020322;867;1000;2.20;597;15.000;8
NF;370;3863;010322;020322;5318;1000;1.85;3631;26.000;8
NF;370;3863;010322;020322;5549;2000;2.40;3732;20.000;8
NF;370;3863;010322;020322;6208;1000;0.75;3837;80.000;8
NF;370;3863;010322;020322;4793;1000;1.30;3888;54.000;8
NF;370;3863;010322;020322;6011;2000;0.95;30505;68.000;8

﻿NF;380;3739;010322;020322;1111;4000;0;2;1.000;1
NF;380;3739;010322;020322;1111;6000;0;30;1.000;1
NF;380;3739;010322;020322;1111;4000;0;36;1.000;1
NF;380;3739;010322;020322;1111;3000;0;41;1.000;1
NF;380;3739;010322;020322;1111;1000;0;54;1.000;1
NF;380;3739;010322;020322;1111;3000;0;74;1.000;1
NF;380;3739;010322;020322;1111;3000;0;77;1.000;1
NF;380;3739;010322;020322;1111;5000;0;81;1.000;1
NF;380;3739;010322;020322;1111;8000;0;125;1.000;1
NF;380;3739;010322;020322;1111;1000;0;199;1.000;1
NF;380;3739;010322;020322;1111;1000;0;201;1.000;1
NF;380;3739;010322;020322;1111;1000;0;208;1.000;1
NF;380;3739;010322;020322;1111;1000;0;218;1.000;1
NF;380;3739;010322;020322;1111;30000;0;222;1.000;1
NF;380;3739;010322;020322;1111;10000;0;224;1.000;1
NF;380;3739;010322;020322;1111;1000;0;238;1.000;1
NF;380;3739;010322;020322;1111;1000;0;249;1.000;1
NF;380;3739;010322;020322;1111;2000;0;262;1.000;1
NF;380;3739;010322;020322;1111;5000;0;1271;1.000;1
NF;380;3739;010322;020322;1111;3000;0;1275;1.000;1
NF;380;3739;010322;020322;1111;1000;0;1308;1.000;1


﻿NF;385;3875;010322;020322;1111;5000;0;2;1.000;1
NF;385;3875;010322;020322;1111;3000;0;4;1.000;1
NF;385;3875;010322;020322;1111;15000;0;30;1.000;1
NF;385;3875;010322;020322;1111;3000;0;36;1.000;1
NF;385;3875;010322;020322;1111;3000;0;41;1.000;1
NF;385;3875;010322;020322;1111;3000;0;46;1.000;1
NF;385;3875;010322;020322;1111;1000;0;54;1.000;1
NF;385;3875;010322;020322;1111;3000;0;56;1.000;1
NF;385;3875;010322;020322;1111;3000;0;57;1.000;1
NF;385;3875;010322;020322;1111;7000;0;77;1.000;1
NF;385;3875;010322;020322;1111;5000;0;81;1.000;1
NF;385;3875;010322;020322;1111;12000;0;125;1.000;1
NF;385;3875;010322;020322;1111;1000;0;199;1.000;1
NF;385;3875;010322;020322;1111;1000;0;201;1.000;1
NF;385;3875;010322;020322;1111;2000;0;208;1.000;1
NF;385;3875;010322;020322;1111;1000;0;218;1.000;1
NF;385;3875;010322;020322;1111;30000;0;222;1.000;1
NF;385;3875;010322;020322;1111;18000;0;224;1.000;1
NF;385;3875;010322;020322;1111;1000;0;238;1.000;1
NF;385;3875;010322;020322;1111;1000;0;249;1.000;1
NF;385;3875;010322;020322;1111;2000;0;262;1.000;1
NF;385;3875;010322;020322;1111;9000;0;1271;1.000;1
NF;385;3875;010322;020322;1111;1000;0;1272;1.000;1
NF;385;3875;010322;020322;1111;3000;0;1275;1.000;1
NF;385;3875;010322;020322;1111;3000;0;1277;1.000;1
NF;385;3875;010322;020322;1111;1000;0;1308;1.000;1

NF;385;3875;010322;020322;867;1000;2.20;597;15.000;1

﻿NF;390;3708;010322;020322;1111;3000;0;2;1.000;1
NF;390;3708;010322;020322;1111;3000;0;30;1.000;1
NF;390;3708;010322;020322;1111;3000;0;36;1.000;1
NF;390;3708;010322;020322;1111;5000;0;41;1.000;1
NF;390;3708;010322;020322;1111;3000;0;46;1.000;1
NF;390;3708;010322;020322;1111;1000;0;54;1.000;1
NF;390;3708;010322;020322;1111;4000;0;56;1.000;1
NF;390;3708;010322;020322;1111;3000;0;57;1.000;1
NF;390;3708;010322;020322;1111;6000;0;77;1.000;1
NF;390;3708;010322;020322;1111;7000;0;81;1.000;1
NF;390;3708;010322;020322;1111;15000;0;125;1.000;1
NF;390;3708;010322;020322;1111;1000;0;199;1.000;1
NF;390;3708;010322;020322;1111;3000;0;201;1.000;1
NF;390;3708;010322;020322;1111;2000;0;208;1.000;1
NF;390;3708;010322;020322;1111;1000;0;218;1.000;1
NF;390;3708;010322;020322;1111;30000;0;222;1.000;1
NF;390;3708;010322;020322;1111;10000;0;224;1.000;1
NF;390;3708;010322;020322;1111;2000;0;238;1.000;1
NF;390;3708;010322;020322;1111;2000;0;249;1.000;1
NF;390;3708;010322;020322;1111;2000;0;262;1.000;1
NF;390;3708;010322;020322;1111;5000;0;1271;1.000;1
NF;390;3708;010322;020322;1111;3000;0;1277;1.000;1
NF;390;3708;010322;020322;1111;2000;0;1308;1.000;1

NF;390;3708;010322;020322;6013;1000;0.75;521;104.000;2
NF;390;3708;010322;020322;4793;1000;1.30;3888;54.000;2

﻿NF;395;3710;010322;020322;1111;4000;0;2;1.000;1
NF;395;3710;010322;020322;1111;3000;0;30;1.000;1
NF;395;3710;010322;020322;1111;3000;0;36;1.000;1
NF;395;3710;010322;020322;1111;5000;0;41;1.000;1
NF;395;3710;010322;020322;1111;3000;0;46;1.000;1
NF;395;3710;010322;020322;1111;1000;0;54;1.000;1
NF;395;3710;010322;020322;1111;4000;0;57;1.000;1
NF;395;3710;010322;020322;1111;7000;0;77;1.000;1
NF;395;3710;010322;020322;1111;8000;0;81;1.000;1
NF;395;3710;010322;020322;1111;20000;0;125;1.000;1
NF;395;3710;010322;020322;1111;2000;0;199;1.000;1
NF;395;3710;010322;020322;1111;2000;0;201;1.000;1
NF;395;3710;010322;020322;1111;2000;0;208;1.000;1
NF;395;3710;010322;020322;1111;2000;0;218;1.000;1
NF;395;3710;010322;020322;1111;40000;0;222;1.000;1
NF;395;3710;010322;020322;1111;15000;0;224;1.000;1
NF;395;3710;010322;020322;1111;2000;0;238;1.000;1
NF;395;3710;010322;020322;1111;2000;0;249;1.000;1
NF;395;3710;010322;020322;1111;2000;0;262;1.000;1
NF;395;3710;010322;020322;1111;6000;0;1271;1.000;1
NF;395;3710;010322;020322;1111;3000;0;1277;1.000;1
NF;395;3710;010322;020322;1111;2000;0;1308;1.000;1

NF;395;3710;010322;020322;6210;2000;0.38;534;120.000;8
NF;395;3710;010322;020322;4849;1000;0.38;537;120.000;8
NF;395;3710;010322;020322;864;1000;0.80;539;60.000;8
NF;395;3710;010322;020322;867;1000;2.20;597;15.000;8
NF;395;3710;010322;020322;2144;1000;2.10;3543;15.000;8
NF;395;3710;010322;020322;5116;1000;0.55;3617;104.000;8
NF;395;3710;010322;020322;5318;1000;1.85;3631;26.000;8
NF;395;3710;010322;020322;6208;1000;0.75;3837;80.000;8

﻿NF;401;1217;010322;020322;1111;16000;0;2;1.000;1
NF;401;1217;010322;020322;1111;13000;0;4;1.000;1
NF;401;1217;010322;020322;1111;11000;0;30;1.000;1
NF;401;1217;010322;020322;1111;8000;0;36;1.000;1
NF;401;1217;010322;020322;1111;17000;0;41;1.000;1
NF;401;1217;010322;020322;1111;4000;0;46;1.000;1
NF;401;1217;010322;020322;1111;1000;0;54;1.000;1
NF;401;1217;010322;020322;1111;11000;0;56;1.000;1
NF;401;1217;010322;020322;1111;6000;0;57;1.000;1
NF;401;1217;010322;020322;1111;7000;0;74;1.000;1
NF;401;1217;010322;020322;1111;18000;0;77;1.000;1
NF;401;1217;010322;020322;1111;27000;0;81;1.000;1
NF;401;1217;010322;020322;1111;20000;0;125;1.000;1
NF;401;1217;010322;020322;1111;3000;0;199;1.000;1
NF;401;1217;010322;020322;1111;2000;0;201;1.000;1
NF;401;1217;010322;020322;1111;3000;0;208;1.000;1
NF;401;1217;010322;020322;1111;2000;0;218;1.000;1
NF;401;1217;010322;020322;1111;60000;0;222;1.000;1
NF;401;1217;010322;020322;1111;2000;0;238;1.000;1
NF;401;1217;010322;020322;1111;2000;0;249;1.000;1
NF;401;1217;010322;020322;1111;3000;0;262;1.000;1
NF;401;1217;010322;020322;1111;14000;0;1271;1.000;1
NF;401;1217;010322;020322;1111;6000;0;1272;1.000;1
NF;401;1217;010322;020322;1111;3000;0;1275;1.000;1
NF;401;1217;010322;020322;1111;7000;0;1277;1.000;1
NF;401;1217;010322;020322;1111;5000;0;1308;1.000;1


﻿NF;405;3721;010322;020322;1111;8000;0;2;1.000;1
NF;405;3721;010322;020322;1111;5000;0;4;1.000;1
NF;405;3721;010322;020322;1111;11000;0;30;1.000;1
NF;405;3721;010322;020322;1111;4000;0;36;1.000;1
NF;405;3721;010322;020322;1111;7000;0;41;1.000;1
NF;405;3721;010322;020322;1111;3000;0;46;1.000;1
NF;405;3721;010322;020322;1111;1000;0;54;1.000;1
NF;405;3721;010322;020322;1111;3000;0;56;1.000;1
NF;405;3721;010322;020322;1111;5000;0;57;1.000;1
NF;405;3721;010322;020322;1111;3000;0;74;1.000;1
NF;405;3721;010322;020322;1111;10000;0;77;1.000;1
NF;405;3721;010322;020322;1111;14000;0;81;1.000;1
NF;405;3721;010322;020322;1111;15000;0;125;1.000;1
NF;405;3721;010322;020322;1111;2000;0;199;1.000;1
NF;405;3721;010322;020322;1111;1000;0;201;1.000;1
NF;405;3721;010322;020322;1111;2000;0;208;1.000;1
NF;405;3721;010322;020322;1111;1000;0;218;1.000;1
NF;405;3721;010322;020322;1111;60000;0;222;1.000;1
NF;405;3721;010322;020322;1111;2000;0;238;1.000;1
NF;405;3721;010322;020322;1111;2000;0;249;1.000;1
NF;405;3721;010322;020322;1111;2000;0;262;1.000;1
NF;405;3721;010322;020322;1111;11000;0;1271;1.000;1
NF;405;3721;010322;020322;1111;3000;0;1272;1.000;1
NF;405;3721;010322;020322;1111;3000;0;1275;1.000;1
NF;405;3721;010322;020322;1111;5000;0;1277;1.000;1
NF;405;3721;010322;020322;1111;3000;0;1308;1.000;1


﻿NF;411;1207;010322;020322;1111;19000;0;2;1.000;1
NF;411;1207;010322;020322;1111;10000;0;4;1.000;1
NF;411;1207;010322;020322;1111;12000;0;30;1.000;1
NF;411;1207;010322;020322;1111;4000;0;36;1.000;1
NF;411;1207;010322;020322;1111;13000;0;41;1.000;1
NF;411;1207;010322;020322;1111;6000;0;46;1.000;1
NF;411;1207;010322;020322;1111;2000;0;54;1.000;1
NF;411;1207;010322;020322;1111;4000;0;56;1.000;1
NF;411;1207;010322;020322;1111;3000;0;57;1.000;1
NF;411;1207;010322;020322;1111;11000;0;74;1.000;1
NF;411;1207;010322;020322;1111;10000;0;77;1.000;1
NF;411;1207;010322;020322;1111;16000;0;81;1.000;1
NF;411;1207;010322;020322;1111;20000;0;125;1.000;1
NF;411;1207;010322;020322;1111;2000;0;199;1.000;1
NF;411;1207;010322;020322;1111;2000;0;201;1.000;1
NF;411;1207;010322;020322;1111;2000;0;208;1.000;1
NF;411;1207;010322;020322;1111;1000;0;218;1.000;1
NF;411;1207;010322;020322;1111;50000;0;222;1.000;1
NF;411;1207;010322;020322;1111;15000;0;224;1.000;1
NF;411;1207;010322;020322;1111;2000;0;238;1.000;1
NF;411;1207;010322;020322;1111;2000;0;249;1.000;1
NF;411;1207;010322;020322;1111;2000;0;262;1.000;1
NF;411;1207;010322;020322;1111;9000;0;1271;1.000;1
NF;411;1207;010322;020322;1111;2000;0;1272;1.000;1
NF;411;1207;010322;020322;1111;8000;0;1277;1.000;1
NF;411;1207;010322;020322;1111;3000;0;1308;1.000;1

NF;411;1207;010322;020322;867;1000;2.20;597;15.000;4
NF;411;1207;010322;020322;6096;1000;0.70;3503;60.000;4
NF;411;1207;010322;020322;5307;1000;0.90;3629;72.000;4
NF;411;1207;010322;020322;5549;1000;2.40;3732;20.000;4

﻿NF;415;3874;010322;020322;1111;11000;0;2;1.000;1
NF;415;3874;010322;020322;1111;3000;0;4;1.000;1
NF;415;3874;010322;020322;1111;17000;0;30;1.000;1
NF;415;3874;010322;020322;1111;9000;0;36;1.000;1
NF;415;3874;010322;020322;1111;7000;0;41;1.000;1
NF;415;3874;010322;020322;1111;4000;0;46;1.000;1
NF;415;3874;010322;020322;1111;2000;0;54;1.000;1
NF;415;3874;010322;020322;1111;5000;0;56;1.000;1
NF;415;3874;010322;020322;1111;3000;0;57;1.000;1
NF;415;3874;010322;020322;1111;3000;0;74;1.000;1
NF;415;3874;010322;020322;1111;10000;0;77;1.000;1
NF;415;3874;010322;020322;1111;11000;0;81;1.000;1
NF;415;3874;010322;020322;1111;15000;0;125;1.000;1
NF;415;3874;010322;020322;1111;2000;0;199;1.000;1
NF;415;3874;010322;020322;1111;2000;0;201;1.000;1
NF;415;3874;010322;020322;1111;3000;0;208;1.000;1
NF;415;3874;010322;020322;1111;1000;0;218;1.000;1
NF;415;3874;010322;020322;1111;60000;0;222;1.000;1
NF;415;3874;010322;020322;1111;12000;0;224;1.000;1
NF;415;3874;010322;020322;1111;1000;0;238;1.000;1
NF;415;3874;010322;020322;1111;2000;0;249;1.000;1
NF;415;3874;010322;020322;1111;2000;0;262;1.000;1
NF;415;3874;010322;020322;1111;12000;0;1271;1.000;1
NF;415;3874;010322;020322;1111;1000;0;1272;1.000;1
NF;415;3874;010322;020322;1111;4000;0;1275;1.000;1
NF;415;3874;010322;020322;1111;3000;0;1277;1.000;1
NF;415;3874;010322;020322;1111;2000;0;1308;1.000;1

NF;415;3874;010322;020322;4849;2000;0.38;537;120.000;4
NF;415;3874;010322;020322;864;2000;0.80;539;60.000;4
NF;415;3874;010322;020322;867;2000;2.20;597;15.000;4
NF;415;3874;010322;020322;5318;2000;1.85;3631;26.000;4

﻿NF;420;3714;010322;020322;1111;4000;0;2;1.000;1
NF;420;3714;010322;020322;1111;3000;0;4;1.000;1
NF;420;3714;010322;020322;1111;3000;0;30;1.000;1
NF;420;3714;010322;020322;1111;3000;0;41;1.000;1
NF;420;3714;010322;020322;1111;1000;0;54;1.000;1
NF;420;3714;010322;020322;1111;3000;0;56;1.000;1
NF;420;3714;010322;020322;1111;3000;0;57;1.000;1
NF;420;3714;010322;020322;1111;4000;0;77;1.000;1
NF;420;3714;010322;020322;1111;8000;0;81;1.000;1
NF;420;3714;010322;020322;1111;15000;0;125;1.000;1
NF;420;3714;010322;020322;1111;1000;0;199;1.000;1
NF;420;3714;010322;020322;1111;2000;0;201;1.000;1
NF;420;3714;010322;020322;1111;2000;0;208;1.000;1
NF;420;3714;010322;020322;1111;1000;0;218;1.000;1
NF;420;3714;010322;020322;1111;15000;0;222;1.000;1
NF;420;3714;010322;020322;1111;1000;0;238;1.000;1
NF;420;3714;010322;020322;1111;2000;0;249;1.000;1
NF;420;3714;010322;020322;1111;4000;0;262;1.000;1
NF;420;3714;010322;020322;1111;4000;0;1271;1.000;1
NF;420;3714;010322;020322;1111;1000;0;1308;1.000;1

NF;420;3714;010322;020322;6210;4000;0.38;534;120.000;6
NF;420;3714;010322;020322;4343;1000;0.80;3594;80.000;6
NF;420;3714;010322;020322;5116;1000;0.55;3617;104.000;6
NF;420;3714;010322;020322;5464;1000;0.80;3697;104.000;6
NF;420;3714;010322;020322;6011;1000;0.95;30505;68.000;6
NF;420;3714;010322;020322;5409;1000;2.00;33570;60.000;6

﻿NF;425;3773;010322;020322;1111;12000;0;2;1.000;1
NF;425;3773;010322;020322;1111;7000;0;4;1.000;1
NF;425;3773;010322;020322;1111;6000;0;30;1.000;1
NF;425;3773;010322;020322;1111;7000;0;36;1.000;1
NF;425;3773;010322;020322;1111;10000;0;41;1.000;1
NF;425;3773;010322;020322;1111;3000;0;46;1.000;1
NF;425;3773;010322;020322;1111;1000;0;54;1.000;1
NF;425;3773;010322;020322;1111;3000;0;56;1.000;1
NF;425;3773;010322;020322;1111;3000;0;57;1.000;1
NF;425;3773;010322;020322;1111;6000;0;74;1.000;1
NF;425;3773;010322;020322;1111;12000;0;77;1.000;1
NF;425;3773;010322;020322;1111;13000;0;81;1.000;1
NF;425;3773;010322;020322;1111;15000;0;125;1.000;1
NF;425;3773;010322;020322;1111;2000;0;199;1.000;1
NF;425;3773;010322;020322;1111;1000;0;201;1.000;1
NF;425;3773;010322;020322;1111;2000;0;208;1.000;1
NF;425;3773;010322;020322;1111;1000;0;218;1.000;1
NF;425;3773;010322;020322;1111;40000;0;222;1.000;1
NF;425;3773;010322;020322;1111;8000;0;224;1.000;1
NF;425;3773;010322;020322;1111;1000;0;238;1.000;1
NF;425;3773;010322;020322;1111;1000;0;249;1.000;1
NF;425;3773;010322;020322;1111;2000;0;262;1.000;1
NF;425;3773;010322;020322;1111;4000;0;1271;1.000;1
NF;425;3773;010322;020322;1111;3000;0;1275;1.000;1
NF;425;3773;010322;020322;1111;3000;0;1277;1.000;1
NF;425;3773;010322;020322;1111;2000;0;1308;1.000;1


﻿NF;435;3864;010322;020322;1111;14000;0;2;1.000;1
NF;435;3864;010322;020322;1111;5000;0;4;1.000;1
NF;435;3864;010322;020322;1111;9000;0;30;1.000;1
NF;435;3864;010322;020322;1111;9000;0;36;1.000;1
NF;435;3864;010322;020322;1111;14000;0;41;1.000;1
NF;435;3864;010322;020322;1111;7000;0;46;1.000;1
NF;435;3864;010322;020322;1111;1000;0;54;1.000;1
NF;435;3864;010322;020322;1111;7000;0;56;1.000;1
NF;435;3864;010322;020322;1111;6000;0;57;1.000;1
NF;435;3864;010322;020322;1111;6000;0;74;1.000;1
NF;435;3864;010322;020322;1111;18000;0;77;1.000;1
NF;435;3864;010322;020322;1111;19000;0;81;1.000;1
NF;435;3864;010322;020322;1111;21000;0;125;1.000;1
NF;435;3864;010322;020322;1111;2000;0;199;1.000;1
NF;435;3864;010322;020322;1111;3000;0;201;1.000;1
NF;435;3864;010322;020322;1111;3000;0;208;1.000;1
NF;435;3864;010322;020322;1111;3000;0;218;1.000;1
NF;435;3864;010322;020322;1111;35000;0;222;1.000;1
NF;435;3864;010322;020322;1111;2000;0;238;1.000;1
NF;435;3864;010322;020322;1111;2000;0;249;1.000;1
NF;435;3864;010322;020322;1111;5000;0;262;1.000;1
NF;435;3864;010322;020322;1111;14000;0;1271;1.000;1
NF;435;3864;010322;020322;1111;4000;0;1272;1.000;1
NF;435;3864;010322;020322;1111;3000;0;1275;1.000;1
NF;435;3864;010322;020322;1111;11000;0;1277;1.000;1
NF;435;3864;010322;020322;1111;4000;0;1308;1.000;1

NF;435;3864;010322;020322;4849;6000;0.38;537;120.000;12
NF;435;3864;010322;020322;864;1000;0.80;539;60.000;12
NF;435;3864;010322;020322;867;1000;2.20;597;15.000;12
NF;435;3864;010322;020322;4222;1000;2.20;3547;18.000;12
NF;435;3864;010322;020322;4343;1000;0.80;3594;80.000;12
NF;435;3864;010322;020322;5318;1000;1.85;3631;26.000;12
NF;435;3864;010322;020322;5416;1000;2.20;3696;20.000;12
NF;435;3864;010322;020322;5506;1000;1.50;3698;50.000;12
NF;435;3864;010322;020322;5549;1000;2.40;3732;20.000;12
NF;435;3864;010322;020322;4793;1000;1.30;3888;54.000;12
NF;435;3864;010322;020322;6011;1000;0.95;30505;68.000;12
NF;435;3864;010322;020322;5409;1000;2.00;33570;60.000;12
NF;435;3865;250222;020322;6037;8000;3.20;7669;1.000;1

﻿NF;440;3876;010322;020322;1111;4000;0;2;1.000;1
NF;440;3876;010322;020322;1111;3000;0;4;1.000;1
NF;440;3876;010322;020322;1111;14000;0;30;1.000;1
NF;440;3876;010322;020322;1111;4000;0;36;1.000;1
NF;440;3876;010322;020322;1111;3000;0;41;1.000;1
NF;440;3876;010322;020322;1111;3000;0;46;1.000;1
NF;440;3876;010322;020322;1111;2000;0;54;1.000;1
NF;440;3876;010322;020322;1111;3000;0;56;1.000;1
NF;440;3876;010322;020322;1111;3000;0;57;1.000;1
NF;440;3876;010322;020322;1111;3000;0;74;1.000;1
NF;440;3876;010322;020322;1111;6000;0;77;1.000;1
NF;440;3876;010322;020322;1111;6000;0;81;1.000;1
NF;440;3876;010322;020322;1111;15000;0;125;1.000;1
NF;440;3876;010322;020322;1111;1000;0;199;1.000;1
NF;440;3876;010322;020322;1111;1000;0;201;1.000;1
NF;440;3876;010322;020322;1111;1000;0;208;1.000;1
NF;440;3876;010322;020322;1111;1000;0;218;1.000;1
NF;440;3876;010322;020322;1111;30000;0;222;1.000;1
NF;440;3876;010322;020322;1111;12000;0;224;1.000;1
NF;440;3876;010322;020322;1111;1000;0;238;1.000;1
NF;440;3876;010322;020322;1111;1000;0;249;1.000;1
NF;440;3876;010322;020322;1111;2000;0;262;1.000;1
NF;440;3876;010322;020322;1111;8000;0;1271;1.000;1
NF;440;3876;010322;020322;1111;3000;0;1272;1.000;1
NF;440;3876;010322;020322;1111;3000;0;1275;1.000;1
NF;440;3876;010322;020322;1111;1000;0;1308;1.000;1

NF;440;3876;010322;020322;6210;2000;0.38;534;120.000;7
NF;440;3876;010322;020322;4849;3000;0.38;537;120.000;7
NF;440;3876;010322;020322;5116;1000;0.55;3617;104.000;7
NF;440;3876;010322;020322;5318;1000;1.85;3631;26.000;7
NF;440;3876;010322;020322;5416;1000;2.20;3696;20.000;7
NF;440;3876;010322;020322;4793;1000;1.30;3888;54.000;7
NF;440;3876;010322;020322;6011;1000;0.95;30505;68.000;7

﻿NF;445;3723;010322;020322;1111;3000;0;2;1.000;1
NF;445;3723;010322;020322;1111;3000;0;30;1.000;1
NF;445;3723;010322;020322;1111;4000;0;36;1.000;1
NF;445;3723;010322;020322;1111;4000;0;41;1.000;1
NF;445;3723;010322;020322;1111;1000;0;54;1.000;1
NF;445;3723;010322;020322;1111;3000;0;56;1.000;1
NF;445;3723;010322;020322;1111;3000;0;57;1.000;1
NF;445;3723;010322;020322;1111;3000;0;74;1.000;1
NF;445;3723;010322;020322;1111;8000;0;77;1.000;1
NF;445;3723;010322;020322;1111;12000;0;81;1.000;1
NF;445;3723;010322;020322;1111;15000;0;125;1.000;1
NF;445;3723;010322;020322;1111;2000;0;199;1.000;1
NF;445;3723;010322;020322;1111;1000;0;201;1.000;1
NF;445;3723;010322;020322;1111;2000;0;208;1.000;1
NF;445;3723;010322;020322;1111;1000;0;218;1.000;1
NF;445;3723;010322;020322;1111;50000;0;222;1.000;1
NF;445;3723;010322;020322;1111;8000;0;224;1.000;1
NF;445;3723;010322;020322;1111;2000;0;238;1.000;1
NF;445;3723;010322;020322;1111;2000;0;249;1.000;1
NF;445;3723;010322;020322;1111;2000;0;262;1.000;1
NF;445;3723;010322;020322;1111;7000;0;1271;1.000;1
NF;445;3723;010322;020322;1111;2000;0;1272;1.000;1
NF;445;3723;010322;020322;1111;3000;0;1277;1.000;1
NF;445;3723;010322;020322;1111;2000;0;1308;1.000;1

NF;445;3723;010322;020322;864;1000;0.80;539;60.000;4
NF;445;3723;010322;020322;867;1000;2.20;597;15.000;4
NF;445;3723;010322;020322;6208;1000;0.75;3837;80.000;4
NF;445;3723;010322;020322;6011;1000;0.95;30505;68.000;4

﻿NF;455;3725;010322;020322;1111;8000;0;2;1.000;1
NF;455;3725;010322;020322;1111;3000;0;4;1.000;1
NF;455;3725;010322;020322;1111;9000;0;30;1.000;1
NF;455;3725;010322;020322;1111;7000;0;36;1.000;1
NF;455;3725;010322;020322;1111;8000;0;41;1.000;1
NF;455;3725;010322;020322;1111;6000;0;46;1.000;1
NF;455;3725;010322;020322;1111;1000;0;54;1.000;1
NF;455;3725;010322;020322;1111;6000;0;56;1.000;1
NF;455;3725;010322;020322;1111;3000;0;57;1.000;1
NF;455;3725;010322;020322;1111;4000;0;74;1.000;1
NF;455;3725;010322;020322;1111;15000;0;77;1.000;1
NF;455;3725;010322;020322;1111;18000;0;81;1.000;1
NF;455;3725;010322;020322;1111;25000;0;125;1.000;1
NF;455;3725;010322;020322;1111;2000;0;199;1.000;1
NF;455;3725;010322;020322;1111;4000;0;201;1.000;1
NF;455;3725;010322;020322;1111;3000;0;208;1.000;1
NF;455;3725;010322;020322;1111;3000;0;218;1.000;1
NF;455;3725;010322;020322;1111;25000;0;222;1.000;1
NF;455;3725;010322;020322;1111;15000;0;224;1.000;1
NF;455;3725;010322;020322;1111;2000;0;238;1.000;1
NF;455;3725;010322;020322;1111;3000;0;249;1.000;1
NF;455;3725;010322;020322;1111;5000;0;262;1.000;1
NF;455;3725;010322;020322;1111;9000;0;1271;1.000;1
NF;455;3725;010322;020322;1111;1000;0;1272;1.000;1
NF;455;3725;010322;020322;1111;3000;0;1275;1.000;1
NF;455;3725;010322;020322;1111;4000;0;1277;1.000;1
NF;455;3725;010322;020322;1111;3000;0;1308;1.000;1

NF;455;3725;010322;020322;6210;2000;0.38;534;120.000;4
NF;455;3725;010322;020322;867;1000;2.20;597;15.000;4
NF;455;3725;010322;020322;6011;1000;0.95;30505;68.000;4
NF;455;3725;010322;020322;5409;2000;2.00;33570;60.000;4

NF;460;1311;280222;020322;6212;3000;3.70;57;1.000;18
NF;460;1311;280222;020322;920;8000;2.95;77;1.000;18
NF;460;1311;280222;020322;4444;1000;7.40;1272;1.000;18
NF;460;1311;280222;020322;6187;5000;4.30;1277;1.000;18
NF;460;1311;280222;020322;3398;3000;3.30;36;1.000;18
NF;460;1311;280222;020322;2214;6000;3.50;41;1.000;18
NF;460;1311;280222;020322;5546;4000;3.60;46;1.000;18
NF;460;1311;280222;020322;3207;5000;3.85;56;1.000;18
NF;460;1311;280222;020322;30;3000;3.00;74;1.000;18
NF;460;1311;280222;020322;4259;6000;4.10;1271;1.000;18
NF;460;1311;280222;020322;6084;25000;0.95;125;1.000;18
NF;460;1311;280222;020322;1366;1000;1.90;199;8.000;18
NF;460;1311;280222;020322;1365;1000;1.90;207;8.000;18
NF;460;1311;280222;020322;5001;1000;1.90;208;8.000;18
NF;460;1311;280222;020322;3940;1000;1.90;247;8.000;18
NF;460;1311;280222;020322;4178;1000;1.90;249;8.000;18
NF;460;1311;280222;020322;6253;3000;2.20;262;8.000;18
NF;460;1311;280222;020322;5843;40000;1.30;1474;1.000;18

NF;461;1313;010322;020322;4849;2000;0;537;120.000;13
NF;461;1313;010322;020322;867;2000;0;597;15.000;13
NF;461;1313;010322;020322;2144;1000;0;3543;15.000;13
NF;461;1313;010322;020322;4222;2000;0;3547;18.000;13
NF;461;1313;010322;020322;2866;1000;0;3571;10.000;13
NF;461;1313;010322;020322;5318;3000;0;3631;26.000;13
NF;461;1313;010322;020322;5538;3000;0;3730;30.000;13
NF;461;1313;010322;020322;5549;3000;0;3732;20.000;13
NF;461;1313;010322;020322;5557;2000;0;3735;26.000;13
NF;461;1313;010322;020322;4793;2000;0;3888;54.000;13
NF;461;1313;010322;020322;5630;3000;0;20218;50.000;13
NF;461;1313;010322;020322;6011;2000;0;30505;68.000;13
NF;461;1313;010322;020322;5409;1000;0;33570;60.000;13

NF;465;1307;280222;020322;904;7000;2.30;30;1.000;20
NF;465;1307;280222;020322;6212;7000;3.70;57;1.000;20
NF;465;1307;280222;020322;920;16000;2.95;77;1.000;20
NF;465;1307;280222;020322;4444;3000;7.40;1272;1.000;20
NF;465;1307;280222;020322;6187;6000;4.30;1277;1.000;20
NF;465;1307;280222;020322;3398;5000;3.30;36;1.000;20
NF;465;1307;280222;020322;2214;10000;3.50;41;1.000;20
NF;465;1307;280222;020322;5546;6000;3.60;46;1.000;20
NF;465;1307;280222;020322;3207;8000;3.85;56;1.000;20
NF;465;1307;280222;020322;4259;12000;4.10;1271;1.000;20
NF;465;1307;280222;020322;6084;30000;0.95;125;1.000;20
NF;465;1307;280222;020322;1366;2000;1.90;199;8.000;20
NF;465;1307;280222;020322;6253;3000;2.20;262;8.000;20
NF;465;1307;280222;020322;4369;10000;1.20;193;1.000;20
NF;465;1307;280222;020322;1012;40000;1.20;222;1.000;20
NF;465;1307;280222;020322;1056;50000;1.30;224;1.000;20
NF;465;1307;280222;020322;3970;20000;1.90;1185;1.000;20
NF;465;1307;280222;020322;6125;3000;1.90;1308;10.000;20
NF;465;1307;280222;020322;5836;10000;1.90;1470;1.000;20
NF;465;1307;280222;020322;5843;90000;1.30;1474;1.000;20
NF;465;1305;280222;020322;1272;12000;2.50;14;1.000;13
NF;465;1305;280222;020322;1274;50000;2.50;51;1.000;13
NF;465;1305;280222;020322;50;150000;0.45;105;1.000;13
NF;465;1305;280222;020322;953;80000;0.85;109;1.000;13
NF;465;1305;280222;020322;968;30000;0.95;117;1.000;13
NF;465;1305;280222;020322;963;70000;0.90;133;1.000;13
NF;465;1305;280222;020322;5869;20000;1.60;1496;1.000;13
NF;465;1305;280222;020322;5659;15000;2.50;1506;1.000;13
NF;465;1305;280222;020322;5660;80000;0.95;1507;1.000;13
NF;465;1305;280222;020322;2140;50000;1.90;1528;1.000;13
NF;465;1305;280222;020322;4225;25000;2.30;1534;1.000;13
NF;465;1305;280222;020322;560;4000;2.95;1909;1.000;13
NF;465;1305;280222;020322;5273;12000;1.60;2173;1.000;13
NF;465;1307;010322;020322;5506;1000;1.50;3698;50.000;1

﻿NF;480;3878;010322;020322;1111;5000;0;2;1.000;1
NF;480;3878;010322;020322;1111;10000;0;30;1.000;1
NF;480;3878;010322;020322;1111;3000;0;36;1.000;1
NF;480;3878;010322;020322;1111;4000;0;41;1.000;1
NF;480;3878;010322;020322;1111;1000;0;54;1.000;1
NF;480;3878;010322;020322;1111;3000;0;56;1.000;1
NF;480;3878;010322;020322;1111;3000;0;57;1.000;1
NF;480;3878;010322;020322;1111;3000;0;74;1.000;1
NF;480;3878;010322;020322;1111;10000;0;77;1.000;1
NF;480;3878;010322;020322;1111;4000;0;81;1.000;1
NF;480;3878;010322;020322;1111;10000;0;125;1.000;1
NF;480;3878;010322;020322;1111;2000;0;199;1.000;1
NF;480;3878;010322;020322;1111;2000;0;208;1.000;1
NF;480;3878;010322;020322;1111;2000;0;218;1.000;1
NF;480;3878;010322;020322;1111;30000;0;222;1.000;1
NF;480;3878;010322;020322;1111;10000;0;224;1.000;1
NF;480;3878;010322;020322;1111;1000;0;238;1.000;1
NF;480;3878;010322;020322;1111;1000;0;249;1.000;1
NF;480;3878;010322;020322;1111;2000;0;262;1.000;1
NF;480;3878;010322;020322;1111;6000;0;1271;1.000;1
NF;480;3878;010322;020322;1111;1000;0;1272;1.000;1
NF;480;3878;010322;020322;1111;3000;0;1275;1.000;1
NF;480;3878;010322;020322;1111;1000;0;1308;1.000;1

NF;480;3878;010322;020322;867;1000;2.20;597;15.000;3
NF;480;3878;010322;020322;4343;1000;0.80;3594;80.000;3
NF;480;3878;010322;020322;6025;1000;2.45;3707;30.000;3

﻿NF;485;3731;010322;020322;1111;12000;0;2;1.000;1
NF;485;3731;010322;020322;1111;3000;0;4;1.000;1
NF;485;3731;010322;020322;1111;20000;0;30;1.000;1
NF;485;3731;010322;020322;1111;6000;0;36;1.000;1
NF;485;3731;010322;020322;1111;8000;0;41;1.000;1
NF;485;3731;010322;020322;1111;3000;0;46;1.000;1
NF;485;3731;010322;020322;1111;1000;0;54;1.000;1
NF;485;3731;010322;020322;1111;5000;0;56;1.000;1
NF;485;3731;010322;020322;1111;5000;0;57;1.000;1
NF;485;3731;010322;020322;1111;3000;0;74;1.000;1
NF;485;3731;010322;020322;1111;10000;0;77;1.000;1
NF;485;3731;010322;020322;1111;8000;0;81;1.000;1
NF;485;3731;010322;020322;1111;16000;0;125;1.000;1
NF;485;3731;010322;020322;1111;1000;0;199;1.000;1
NF;485;3731;010322;020322;1111;1000;0;201;1.000;1
NF;485;3731;010322;020322;1111;1000;0;208;1.000;1
NF;485;3731;010322;020322;1111;1000;0;218;1.000;1
NF;485;3731;010322;020322;1111;50000;0;222;1.000;1
NF;485;3731;010322;020322;1111;15000;0;224;1.000;1
NF;485;3731;010322;020322;1111;1000;0;238;1.000;1
NF;485;3731;010322;020322;1111;1000;0;249;1.000;1
NF;485;3731;010322;020322;1111;2000;0;262;1.000;1
NF;485;3731;010322;020322;1111;12000;0;1271;1.000;1
NF;485;3731;010322;020322;1111;1000;0;1272;1.000;1
NF;485;3731;010322;020322;1111;5000;0;1275;1.000;1
NF;485;3731;010322;020322;1111;3000;0;1277;1.000;1
NF;485;3731;010322;020322;1111;2000;0;1308;1.000;1

NF;485;3731;010322;020322;6210;1000;0.38;534;120.000;10
NF;485;3731;010322;020322;4849;1000;0.38;537;120.000;10
NF;485;3731;010322;020322;867;1000;2.20;597;15.000;10
NF;485;3731;010322;020322;4222;1000;2.20;3547;18.000;10
NF;485;3731;010322;020322;5116;1000;0.55;3617;104.000;10
NF;485;3731;010322;020322;5307;1000;0.90;3629;72.000;10
NF;485;3731;010322;020322;5318;1000;1.85;3631;26.000;10
NF;485;3731;010322;020322;5416;1000;2.20;3696;20.000;10
NF;485;3731;010322;020322;5464;1000;0.80;3697;104.000;10
NF;485;3731;010322;020322;6208;1000;0.75;3837;80.000;10

﻿NF;490;3745;010322;020322;1111;10000;0;2;1.000;1
NF;490;3745;010322;020322;1111;8000;0;30;1.000;1
NF;490;3745;010322;020322;1111;4000;0;36;1.000;1
NF;490;3745;010322;020322;1111;8000;0;41;1.000;1
NF;490;3745;010322;020322;1111;3000;0;46;1.000;1
NF;490;3745;010322;020322;1111;5000;0;56;1.000;1
NF;490;3745;010322;020322;1111;5000;0;57;1.000;1
NF;490;3745;010322;020322;1111;5000;0;74;1.000;1
NF;490;3745;010322;020322;1111;10000;0;77;1.000;1
NF;490;3745;010322;020322;1111;5000;0;81;1.000;1
NF;490;3745;010322;020322;1111;15000;0;125;1.000;1
NF;490;3745;010322;020322;1111;1000;0;199;1.000;1
NF;490;3745;010322;020322;1111;1000;0;201;1.000;1
NF;490;3745;010322;020322;1111;1000;0;208;1.000;1
NF;490;3745;010322;020322;1111;1000;0;218;1.000;1
NF;490;3745;010322;020322;1111;25000;0;222;1.000;1
NF;490;3745;010322;020322;1111;1000;0;238;1.000;1
NF;490;3745;010322;020322;1111;1000;0;249;1.000;1
NF;490;3745;010322;020322;1111;2000;0;262;1.000;1
NF;490;3745;010322;020322;1111;6000;0;1271;1.000;1
NF;490;3745;010322;020322;1111;1000;0;1272;1.000;1
NF;490;3745;010322;020322;1111;3000;0;1275;1.000;1
NF;490;3745;010322;020322;1111;3000;0;1277;1.000;1
NF;490;3745;010322;020322;1111;1000;0;1308;1.000;1

NF;490;3745;010322;020322;6210;1000;0.38;534;120.000;2
NF;490;3745;010322;020322;4849;1000;0.38;537;120.000;2

﻿NF;495;3879;010322;020322;1111;9000;0;2;1.000;1
NF;495;3879;010322;020322;1111;9000;0;30;1.000;1
NF;495;3879;010322;020322;1111;5000;0;36;1.000;1
NF;495;3879;010322;020322;1111;4000;0;41;1.000;1
NF;495;3879;010322;020322;1111;3000;0;46;1.000;1
NF;495;3879;010322;020322;1111;1000;0;54;1.000;1
NF;495;3879;010322;020322;1111;3000;0;56;1.000;1
NF;495;3879;010322;020322;1111;3000;0;57;1.000;1
NF;495;3879;010322;020322;1111;3000;0;74;1.000;1
NF;495;3879;010322;020322;1111;8000;0;77;1.000;1
NF;495;3879;010322;020322;1111;6000;0;81;1.000;1
NF;495;3879;010322;020322;1111;4000;0;125;1.000;1
NF;495;3879;010322;020322;1111;1000;0;199;1.000;1
NF;495;3879;010322;020322;1111;1000;0;201;1.000;1
NF;495;3879;010322;020322;1111;2000;0;208;1.000;1
NF;495;3879;010322;020322;1111;1000;0;218;1.000;1
NF;495;3879;010322;020322;1111;40000;0;222;1.000;1
NF;495;3879;010322;020322;1111;15000;0;224;1.000;1
NF;495;3879;010322;020322;1111;1000;0;238;1.000;1
NF;495;3879;010322;020322;1111;1000;0;249;1.000;1
NF;495;3879;010322;020322;1111;2000;0;262;1.000;1
NF;495;3879;010322;020322;1111;10000;0;1271;1.000;1
NF;495;3879;010322;020322;1111;1000;0;1272;1.000;1
NF;495;3879;010322;020322;1111;3000;0;1275;1.000;1
NF;495;3879;010322;020322;1111;3000;0;1277;1.000;1
NF;495;3879;010322;020322;1111;1000;0;1308;1.000;1


﻿NF;705;3795;010322;020322;1111;5000;0;2;1.000;1
NF;705;3795;010322;020322;1111;4000;0;30;1.000;1
NF;705;3795;010322;020322;1111;3000;0;36;1.000;1
NF;705;3795;010322;020322;1111;3000;0;41;1.000;1
NF;705;3795;010322;020322;1111;3000;0;46;1.000;1
NF;705;3795;010322;020322;1111;4000;0;56;1.000;1
NF;705;3795;010322;020322;1111;3000;0;57;1.000;1
NF;705;3795;010322;020322;1111;6000;0;77;1.000;1
NF;705;3795;010322;020322;1111;9000;0;81;1.000;1
NF;705;3795;010322;020322;1111;15000;0;125;1.000;1
NF;705;3795;010322;020322;1111;2000;0;199;1.000;1
NF;705;3795;010322;020322;1111;4000;0;201;1.000;1
NF;705;3795;010322;020322;1111;2000;0;208;1.000;1
NF;705;3795;010322;020322;1111;1000;0;218;1.000;1
NF;705;3795;010322;020322;1111;30000;0;222;1.000;1
NF;705;3795;010322;020322;1111;1000;0;238;1.000;1
NF;705;3795;010322;020322;1111;2000;0;249;1.000;1
NF;705;3795;010322;020322;1111;2000;0;262;1.000;1
NF;705;3795;010322;020322;1111;5000;0;1271;1.000;1
NF;705;3795;010322;020322;1111;2000;0;1272;1.000;1
NF;705;3795;010322;020322;1111;3000;0;1277;1.000;1
NF;705;3795;010322;020322;1111;1000;0;1308;1.000;1

NF;705;3795;010322;020322;864;1000;0.80;539;60.000;5
NF;705;3795;010322;020322;4222;1000;2.20;3547;18.000;5
NF;705;3795;010322;020322;5307;1000;0.90;3629;72.000;5
NF;705;3795;010322;020322;5464;1000;0.80;3697;104.000;5
NF;705;3795;010322;020322;5506;1000;1.50;3698;50.000;5

﻿NF;725;3800;010322;020322;1111;14000;0;2;1.000;1
NF;725;3800;010322;020322;1111;3000;0;4;1.000;1
NF;725;3800;010322;020322;1111;14000;0;30;1.000;1
NF;725;3800;010322;020322;1111;7000;0;36;1.000;1
NF;725;3800;010322;020322;1111;10000;0;41;1.000;1
NF;725;3800;010322;020322;1111;4000;0;46;1.000;1
NF;725;3800;010322;020322;1111;1000;0;54;1.000;1
NF;725;3800;010322;020322;1111;3000;0;56;1.000;1
NF;725;3800;010322;020322;1111;3000;0;57;1.000;1
NF;725;3800;010322;020322;1111;3000;0;74;1.000;1
NF;725;3800;010322;020322;1111;14000;0;77;1.000;1
NF;725;3800;010322;020322;1111;6000;0;81;1.000;1
NF;725;3800;010322;020322;1111;6000;0;125;1.000;1
NF;725;3800;010322;020322;1111;2000;0;199;1.000;1
NF;725;3800;010322;020322;1111;1000;0;201;1.000;1
NF;725;3800;010322;020322;1111;2000;0;208;1.000;1
NF;725;3800;010322;020322;1111;1000;0;218;1.000;1
NF;725;3800;010322;020322;1111;25000;0;222;1.000;1
NF;725;3800;010322;020322;1111;10000;0;224;1.000;1
NF;725;3800;010322;020322;1111;1000;0;238;1.000;1
NF;725;3800;010322;020322;1111;1000;0;249;1.000;1
NF;725;3800;010322;020322;1111;3000;0;262;1.000;1
NF;725;3800;010322;020322;1111;10000;0;1271;1.000;1
NF;725;3800;010322;020322;1111;4000;0;1272;1.000;1
NF;725;3800;010322;020322;1111;3000;0;1275;1.000;1
NF;725;3800;010322;020322;1111;6000;0;1277;1.000;1
NF;725;3800;010322;020322;1111;2000;0;1308;1.000;1

NF;725;3800;010322;020322;6210;2000;0.38;534;120.000;9
NF;725;3800;010322;020322;4849;2000;0.38;537;120.000;9
NF;725;3800;010322;020322;867;1000;2.20;597;15.000;9
NF;725;3800;010322;020322;4343;1000;0.80;3594;80.000;9
NF;725;3800;010322;020322;5116;1000;0.55;3617;104.000;9
NF;725;3800;010322;020322;5318;1000;1.85;3631;26.000;9
NF;725;3800;010322;020322;5416;1000;2.20;3696;20.000;9
NF;725;3800;010322;020322;5549;1000;2.40;3732;20.000;9
NF;725;3800;010322;020322;6011;1000;0.95;30505;68.000;9

﻿NF;730;3802;010322;020322;1111;5000;0;2;1.000;1
NF;730;3802;010322;020322;1111;8000;0;30;1.000;1
NF;730;3802;010322;020322;1111;3000;0;36;1.000;1
NF;730;3802;010322;020322;1111;6000;0;41;1.000;1
NF;730;3802;010322;020322;1111;3000;0;46;1.000;1
NF;730;3802;010322;020322;1111;1000;0;54;1.000;1
NF;730;3802;010322;020322;1111;3000;0;56;1.000;1
NF;730;3802;010322;020322;1111;3000;0;74;1.000;1
NF;730;3802;010322;020322;1111;9000;0;77;1.000;1
NF;730;3802;010322;020322;1111;8000;0;81;1.000;1
NF;730;3802;010322;020322;1111;8000;0;125;1.000;1
NF;730;3802;010322;020322;1111;1000;0;199;1.000;1
NF;730;3802;010322;020322;1111;2000;0;201;1.000;1
NF;730;3802;010322;020322;1111;1000;0;208;1.000;1
NF;730;3802;010322;020322;1111;2000;0;218;1.000;1
NF;730;3802;010322;020322;1111;15000;0;222;1.000;1
NF;730;3802;010322;020322;1111;10000;0;224;1.000;1
NF;730;3802;010322;020322;1111;1000;0;238;1.000;1
NF;730;3802;010322;020322;1111;1000;0;249;1.000;1
NF;730;3802;010322;020322;1111;3000;0;262;1.000;1
NF;730;3802;010322;020322;1111;6000;0;1271;1.000;1
NF;730;3802;010322;020322;1111;1000;0;1272;1.000;1
NF;730;3802;010322;020322;1111;2000;0;1275;1.000;1
NF;730;3802;010322;020322;1111;5000;0;1277;1.000;1
NF;730;3802;010322;020322;1111;2000;0;1308;1.000;1

NF;730;3802;280222;020322;6210;1000;0.38;534;120.000;6
NF;730;3802;280222;020322;4849;2000;0.38;537;120.000;6
NF;730;3802;280222;020322;5416;1000;2.20;3696;20.000;6
NF;730;3802;280222;020322;5464;1000;0.80;3697;104.000;6
NF;730;3802;280222;020322;5506;1000;1.50;3698;50.000;6
NF;730;3802;280222;020322;6012;1000;0.95;30506;100.000;6

﻿NF;735;3804;010322;020322;1111;12000;0;2;1.000;1
NF;735;3804;010322;020322;1111;4000;0;4;1.000;1
NF;735;3804;010322;020322;1111;10000;0;30;1.000;1
NF;735;3804;010322;020322;1111;3000;0;36;1.000;1
NF;735;3804;010322;020322;1111;8000;0;41;1.000;1
NF;735;3804;010322;020322;1111;1000;0;54;1.000;1
NF;735;3804;010322;020322;1111;4000;0;56;1.000;1
NF;735;3804;010322;020322;1111;3000;0;57;1.000;1
NF;735;3804;010322;020322;1111;3000;0;74;1.000;1
NF;735;3804;010322;020322;1111;12000;0;77;1.000;1
NF;735;3804;010322;020322;1111;17000;0;81;1.000;1
NF;735;3804;010322;020322;1111;11000;0;125;1.000;1
NF;735;3804;010322;020322;1111;2000;0;199;1.000;1
NF;735;3804;010322;020322;1111;2000;0;201;1.000;1
NF;735;3804;010322;020322;1111;2000;0;208;1.000;1
NF;735;3804;010322;020322;1111;2000;0;218;1.000;1
NF;735;3804;010322;020322;1111;20000;0;222;1.000;1
NF;735;3804;010322;020322;1111;15000;0;224;1.000;1
NF;735;3804;010322;020322;1111;1000;0;238;1.000;1
NF;735;3804;010322;020322;1111;2000;0;249;1.000;1
NF;735;3804;010322;020322;1111;4000;0;262;1.000;1
NF;735;3804;010322;020322;1111;7000;0;1271;1.000;1
NF;735;3804;010322;020322;1111;2000;0;1272;1.000;1
NF;735;3804;010322;020322;1111;3000;0;1275;1.000;1
NF;735;3804;010322;020322;1111;6000;0;1277;1.000;1
NF;735;3804;010322;020322;1111;3000;0;1308;1.000;1

NF;735;3804;010322;020322;6013;1000;0.75;521;104.000;4
NF;735;3804;010322;020322;5116;1000;0.55;3617;104.000;4
NF;735;3804;010322;020322;6011;2000;0.95;30505;68.000;4
NF;735;3804;010322;020322;5409;1000;2.00;33570;60.000;4

﻿NF;750;3812;010322;020322;1111;10000;0;2;1.000;1
NF;750;3812;010322;020322;1111;3000;0;4;1.000;1
NF;750;3812;010322;020322;1111;10000;0;30;1.000;1
NF;750;3812;010322;020322;1111;4000;0;36;1.000;1
NF;750;3812;010322;020322;1111;8000;0;41;1.000;1
NF;750;3812;010322;020322;1111;4000;0;46;1.000;1
NF;750;3812;010322;020322;1111;1000;0;54;1.000;1
NF;750;3812;010322;020322;1111;4000;0;56;1.000;1
NF;750;3812;010322;020322;1111;3000;0;57;1.000;1
NF;750;3812;010322;020322;1111;3000;0;74;1.000;1
NF;750;3812;010322;020322;1111;12000;0;77;1.000;1
NF;750;3812;010322;020322;1111;9000;0;81;1.000;1
NF;750;3812;010322;020322;1111;12000;0;125;1.000;1
NF;750;3812;010322;020322;1111;2000;0;199;1.000;1
NF;750;3812;010322;020322;1111;2000;0;201;1.000;1
NF;750;3812;010322;020322;1111;2000;0;208;1.000;1
NF;750;3812;010322;020322;1111;2000;0;218;1.000;1
NF;750;3812;010322;020322;1111;20000;0;222;1.000;1
NF;750;3812;010322;020322;1111;1000;0;238;1.000;1
NF;750;3812;010322;020322;1111;1000;0;249;1.000;1
NF;750;3812;010322;020322;1111;4000;0;262;1.000;1
NF;750;3812;010322;020322;1111;6000;0;1271;1.000;1
NF;750;3812;010322;020322;1111;2000;0;1272;1.000;1
NF;750;3812;010322;020322;1111;4000;0;1275;1.000;1
NF;750;3812;010322;020322;1111;4000;0;1277;1.000;1
NF;750;3812;010322;020322;1111;2000;0;1308;1.000;1

NF;750;3812;010322;020322;6210;3000;0.38;534;120.000;3
NF;750;3812;010322;020322;867;2000;2.20;597;15.000;3
NF;750;3812;010322;020322;6012;1000;0.95;30506;100.000;3

﻿NF;755;3815;010322;020322;1111;10000;0;2;1.000;1
NF;755;3815;010322;020322;1111;6000;0;4;1.000;1
NF;755;3815;010322;020322;1111;10000;0;30;1.000;1
NF;755;3815;010322;020322;1111;3000;0;36;1.000;1
NF;755;3815;010322;020322;1111;11000;0;41;1.000;1
NF;755;3815;010322;020322;1111;3000;0;46;1.000;1
NF;755;3815;010322;020322;1111;3000;0;56;1.000;1
NF;755;3815;010322;020322;1111;3000;0;57;1.000;1
NF;755;3815;010322;020322;1111;3000;0;74;1.000;1
NF;755;3815;010322;020322;1111;10000;0;77;1.000;1
NF;755;3815;010322;020322;1111;10000;0;81;1.000;1
NF;755;3815;010322;020322;1111;10000;0;125;1.000;1
NF;755;3815;010322;020322;1111;2000;0;199;1.000;1
NF;755;3815;010322;020322;1111;2000;0;201;1.000;1
NF;755;3815;010322;020322;1111;2000;0;208;1.000;1
NF;755;3815;010322;020322;1111;1000;0;218;1.000;1
NF;755;3815;010322;020322;1111;40000;0;222;1.000;1
NF;755;3815;010322;020322;1111;1000;0;238;1.000;1
NF;755;3815;010322;020322;1111;2000;0;249;1.000;1
NF;755;3815;010322;020322;1111;2000;0;262;1.000;1
NF;755;3815;010322;020322;1111;5000;0;1271;1.000;1
NF;755;3815;010322;020322;1111;3000;0;1275;1.000;1
NF;755;3815;010322;020322;1111;3000;0;1277;1.000;1
NF;755;3815;010322;020322;1111;3000;0;1308;1.000;1

NF;755;3815;010322;020322;6210;2000;0.38;534;120.000;4
NF;755;3815;010322;020322;4849;2000;0.38;537;120.000;4
NF;755;3815;010322;020322;867;1000;2.20;597;15.000;4
NF;755;3815;010322;020322;6011;1000;0.95;30505;68.000;4

﻿NF;770;3866;010322;020322;1111;5000;0;2;1.000;1
NF;770;3866;010322;020322;1111;21000;0;30;1.000;1
NF;770;3866;010322;020322;1111;7000;0;36;1.000;1
NF;770;3866;010322;020322;1111;12000;0;41;1.000;1
NF;770;3866;010322;020322;1111;5000;0;46;1.000;1
NF;770;3866;010322;020322;1111;3000;0;54;1.000;1
NF;770;3866;010322;020322;1111;7000;0;56;1.000;1
NF;770;3866;010322;020322;1111;3000;0;57;1.000;1
NF;770;3866;010322;020322;1111;4000;0;74;1.000;1
NF;770;3866;010322;020322;1111;12000;0;77;1.000;1
NF;770;3866;010322;020322;1111;13000;0;81;1.000;1
NF;770;3866;010322;020322;1111;18000;0;125;1.000;1
NF;770;3866;010322;020322;1111;2000;0;199;1.000;1
NF;770;3866;010322;020322;1111;2000;0;201;1.000;1
NF;770;3866;010322;020322;1111;2000;0;208;1.000;1
NF;770;3866;010322;020322;1111;3000;0;218;1.000;1
NF;770;3866;010322;020322;1111;30000;0;222;1.000;1
NF;770;3866;010322;020322;1111;10000;0;224;1.000;1
NF;770;3866;010322;020322;1111;2000;0;238;1.000;1
NF;770;3866;010322;020322;1111;3000;0;249;1.000;1
NF;770;3866;010322;020322;1111;5000;0;262;1.000;1
NF;770;3866;010322;020322;1111;19000;0;1271;1.000;1
NF;770;3866;010322;020322;1111;1000;0;1272;1.000;1
NF;770;3866;010322;020322;1111;4000;0;1275;1.000;1
NF;770;3866;010322;020322;1111;3000;0;1277;1.000;1
NF;770;3866;010322;020322;1111;2000;0;1308;1.000;1

NF;770;3866;010322;020322;6210;4000;0.38;534;120.000;4
NF;770;3866;010322;020322;4849;1000;0.38;537;120.000;4
NF;770;3866;010322;020322;6011;3000;0.95;30505;68.000;4
NF;770;3866;010322;020322;6012;1000;0.95;30506;100.000;4

﻿NF;775;3867;010322;020322;1111;3000;0;30;1.000;1
NF;775;3867;010322;020322;1111;3000;0;41;1.000;1
NF;775;3867;010322;020322;1111;3000;0;56;1.000;1
NF;775;3867;010322;020322;1111;3000;0;77;1.000;1
NF;775;3867;010322;020322;1111;3000;0;81;1.000;1
NF;775;3867;010322;020322;1111;10000;0;125;1.000;1
NF;775;3867;010322;020322;1111;1000;0;199;1.000;1
NF;775;3867;010322;020322;1111;1000;0;208;1.000;1
NF;775;3867;010322;020322;1111;1000;0;218;1.000;1
NF;775;3867;010322;020322;1111;20000;0;222;1.000;1
NF;775;3867;010322;020322;1111;10000;0;224;1.000;1
NF;775;3867;010322;020322;1111;1000;0;238;1.000;1
NF;775;3867;010322;020322;1111;1000;0;249;1.000;1
NF;775;3867;010322;020322;1111;1000;0;262;1.000;1
NF;775;3867;010322;020322;1111;3000;0;1271;1.000;1
NF;775;3867;010322;020322;1111;1000;0;1308;1.000;1

NF;775;3867;010322;020322;4849;1000;0.38;537;120.000;2
NF;775;3867;010322;020322;864;1000;0.80;539;60.000;2

﻿NF;780;3868;010322;020322;1111;3000;0;30;1.000;1
NF;780;3868;010322;020322;1111;3000;0;36;1.000;1
NF;780;3868;010322;020322;1111;3000;0;41;1.000;1
NF;780;3868;010322;020322;1111;3000;0;46;1.000;1
NF;780;3868;010322;020322;1111;1000;0;54;1.000;1
NF;780;3868;010322;020322;1111;3000;0;57;1.000;1
NF;780;3868;010322;020322;1111;6000;0;77;1.000;1
NF;780;3868;010322;020322;1111;6000;0;81;1.000;1
NF;780;3868;010322;020322;1111;15000;0;125;1.000;1
NF;780;3868;010322;020322;1111;2000;0;199;1.000;1
NF;780;3868;010322;020322;1111;1000;0;201;1.000;1
NF;780;3868;010322;020322;1111;2000;0;208;1.000;1
NF;780;3868;010322;020322;1111;1000;0;218;1.000;1
NF;780;3868;010322;020322;1111;25000;0;222;1.000;1
NF;780;3868;010322;020322;1111;15000;0;224;1.000;1
NF;780;3868;010322;020322;1111;1000;0;238;1.000;1
NF;780;3868;010322;020322;1111;1000;0;249;1.000;1
NF;780;3868;010322;020322;1111;1000;0;262;1.000;1
NF;780;3868;010322;020322;1111;5000;0;1271;1.000;1
NF;780;3868;010322;020322;1111;3000;0;1277;1.000;1
NF;780;3868;010322;020322;1111;2000;0;1308;1.000;1

NF;780;3868;010322;020322;4849;1000;0.38;537;120.000;8
NF;780;3868;010322;020322;864;1000;0.80;539;60.000;8
NF;780;3868;010322;020322;867;1000;2.20;597;15.000;8
NF;780;3868;010322;020322;6025;1000;2.45;3707;30.000;8
NF;780;3868;010322;020322;6103;1000;2.00;3970;20.000;8
NF;780;3868;010322;020322;6011;1000;0.95;30505;68.000;8
NF;780;3868;010322;020322;5409;1000;2.00;33570;60.000;8
NF;780;3868;010322;020322;5410;1000;1.20;33579;60.000;8

﻿NF;785;3869;010322;020322;1111;3000;0;2;1.000;1
NF;785;3869;010322;020322;1111;4000;0;30;1.000;1
NF;785;3869;010322;020322;1111;4000;0;36;1.000;1
NF;785;3869;010322;020322;1111;3000;0;41;1.000;1
NF;785;3869;010322;020322;1111;3000;0;46;1.000;1
NF;785;3869;010322;020322;1111;1000;0;54;1.000;1
NF;785;3869;010322;020322;1111;3000;0;56;1.000;1
NF;785;3869;010322;020322;1111;3000;0;57;1.000;1
NF;785;3869;010322;020322;1111;7000;0;81;1.000;1
NF;785;3869;010322;020322;1111;15000;0;125;1.000;1
NF;785;3869;010322;020322;1111;2000;0;199;1.000;1
NF;785;3869;010322;020322;1111;2000;0;201;1.000;1
NF;785;3869;010322;020322;1111;3000;0;208;1.000;1
NF;785;3869;010322;020322;1111;1000;0;218;1.000;1
NF;785;3869;010322;020322;1111;50000;0;222;1.000;1
NF;785;3869;010322;020322;1111;10000;0;224;1.000;1
NF;785;3869;010322;020322;1111;1000;0;238;1.000;1
NF;785;3869;010322;020322;1111;1000;0;249;1.000;1
NF;785;3869;010322;020322;1111;2000;0;262;1.000;1
NF;785;3869;010322;020322;1111;6000;0;1271;1.000;1
NF;785;3869;010322;020322;1111;3000;0;1275;1.000;1
NF;785;3869;010322;020322;1111;5000;0;1277;1.000;1
NF;785;3869;010322;020322;1111;3000;0;1308;1.000;1

NF;785;3869;010322;020322;864;2000;0.80;539;60.000;3
NF;785;3869;010322;020322;867;1000;2.20;597;15.000;3
NF;785;3869;010322;020322;6011;2000;0.95;30505;68.000;3

﻿NF;830;3908;010322;020322;1111;6000;0;2;1.000;1
NF;830;3908;010322;020322;1111;5000;0;30;1.000;1
NF;830;3908;010322;020322;1111;6000;0;36;1.000;1
NF;830;3908;010322;020322;1111;8000;0;41;1.000;1
NF;830;3908;010322;020322;1111;3000;0;46;1.000;1
NF;830;3908;010322;020322;1111;1000;0;54;1.000;1
NF;830;3908;010322;020322;1111;7000;0;56;1.000;1
NF;830;3908;010322;020322;1111;4000;0;57;1.000;1
NF;830;3908;010322;020322;1111;4000;0;74;1.000;1
NF;830;3908;010322;020322;1111;10000;0;77;1.000;1
NF;830;3908;010322;020322;1111;13000;0;81;1.000;1
NF;830;3908;010322;020322;1111;35000;0;125;1.000;1
NF;830;3908;010322;020322;1111;3000;0;199;1.000;1
NF;830;3908;010322;020322;1111;3000;0;201;1.000;1
NF;830;3908;010322;020322;1111;3000;0;208;1.000;1
NF;830;3908;010322;020322;1111;2000;0;218;1.000;1
NF;830;3908;010322;020322;1111;65000;0;222;1.000;1
NF;830;3908;010322;020322;1111;15000;0;224;1.000;1
NF;830;3908;010322;020322;1111;2000;0;238;1.000;1
NF;830;3908;010322;020322;1111;4000;0;249;1.000;1
NF;830;3908;010322;020322;1111;3000;0;262;1.000;1
NF;830;3908;010322;020322;1111;10000;0;1271;1.000;1
NF;830;3908;010322;020322;1111;2000;0;1272;1.000;1
NF;830;3908;010322;020322;1111;3000;0;1275;1.000;1
NF;830;3908;010322;020322;1111;3000;0;1277;1.000;1
NF;830;3908;010322;020322;1111;3000;0;1308;1.000;1

NF;830;3908;010322;020322;6210;1000;0.38;534;120.000;9
NF;830;3908;010322;020322;4849;3000;0.38;537;120.000;9
NF;830;3908;010322;020322;864;1000;0.80;539;60.000;9
NF;830;3908;010322;020322;867;1000;2.20;597;15.000;9
NF;830;3908;010322;020322;6096;1000;0.70;3503;60.000;9
NF;830;3908;010322;020322;5549;1000;2.40;3732;20.000;9
NF;830;3908;010322;020322;6159;1000;0.90;3971;80.000;9
NF;830;3908;010322;020322;6011;5000;0.95;30505;68.000;9
NF;830;3908;010322;020322;5713;1000;1.25;30525;48.000;9

﻿NF;850;3912;010322;020322;1111;3000;0;2;1.000;1
NF;850;3912;010322;020322;1111;3000;0;30;1.000;1
NF;850;3912;010322;020322;1111;4000;0;41;1.000;1
NF;850;3912;010322;020322;1111;3000;0;57;1.000;1
NF;850;3912;010322;020322;1111;5000;0;77;1.000;1
NF;850;3912;010322;020322;1111;4000;0;81;1.000;1
NF;850;3912;010322;020322;1111;15000;0;125;1.000;1
NF;850;3912;010322;020322;1111;1000;0;199;1.000;1
NF;850;3912;010322;020322;1111;2000;0;201;1.000;1
NF;850;3912;010322;020322;1111;2000;0;208;1.000;1
NF;850;3912;010322;020322;1111;1000;0;218;1.000;1
NF;850;3912;010322;020322;1111;30000;0;222;1.000;1
NF;850;3912;010322;020322;1111;1000;0;238;1.000;1
NF;850;3912;010322;020322;1111;2000;0;249;1.000;1
NF;850;3912;010322;020322;1111;1000;0;262;1.000;1
NF;850;3912;010322;020322;1111;1000;0;1308;1.000;1

NF;850;3912;010322;020322;6210;1000;0.38;534;120.000;4
NF;850;3912;010322;020322;6208;1000;0.75;3837;80.000;4
NF;850;3912;010322;020322;4793;1000;1.30;3888;54.000;4
NF;850;3912;010322;020322;6011;1000;0.95;30505;68.000;4

﻿NF;855;3914;010322;020322;1111;12000;0;2;1.000;1
NF;855;3914;010322;020322;1111;6000;0;4;1.000;1
NF;855;3914;010322;020322;1111;7000;0;30;1.000;1
NF;855;3914;010322;020322;1111;6000;0;41;1.000;1
NF;855;3914;010322;020322;1111;3000;0;46;1.000;1
NF;855;3914;010322;020322;1111;1000;0;54;1.000;1
NF;855;3914;010322;020322;1111;7000;0;56;1.000;1
NF;855;3914;010322;020322;1111;3000;0;57;1.000;1
NF;855;3914;010322;020322;1111;4000;0;74;1.000;1
NF;855;3914;010322;020322;1111;9000;0;77;1.000;1
NF;855;3914;010322;020322;1111;10000;0;81;1.000;1
NF;855;3914;010322;020322;1111;30000;0;125;1.000;1
NF;855;3914;010322;020322;1111;2000;0;199;1.000;1
NF;855;3914;010322;020322;1111;2000;0;201;1.000;1
NF;855;3914;010322;020322;1111;2000;0;208;1.000;1
NF;855;3914;010322;020322;1111;1000;0;218;1.000;1
NF;855;3914;010322;020322;1111;30000;0;222;1.000;1
NF;855;3914;010322;020322;1111;1000;0;238;1.000;1
NF;855;3914;010322;020322;1111;2000;0;249;1.000;1
NF;855;3914;010322;020322;1111;2000;0;262;1.000;1
NF;855;3914;010322;020322;1111;6000;0;1271;1.000;1
NF;855;3914;010322;020322;1111;3000;0;1272;1.000;1
NF;855;3914;010322;020322;1111;5000;0;1275;1.000;1
NF;855;3914;010322;020322;1111;3000;0;1277;1.000;1
NF;855;3914;010322;020322;1111;2000;0;1308;1.000;1

NF;855;3914;010322;020322;6210;5000;0.38;534;120.000;4
NF;855;3914;010322;020322;4222;1000;2.20;3547;18.000;4
NF;855;3914;010322;020322;5318;1000;1.85;3631;26.000;4
NF;855;3914;010322;020322;5549;1000;2.40;3732;20.000;4

﻿NF;860;3916;010322;020322;1111;11000;0;2;1.000;1
NF;860;3916;010322;020322;1111;8000;0;4;1.000;1
NF;860;3916;010322;020322;1111;4000;0;30;1.000;1
NF;860;3916;010322;020322;1111;3000;0;36;1.000;1
NF;860;3916;010322;020322;1111;8000;0;41;1.000;1
NF;860;3916;010322;020322;1111;3000;0;46;1.000;1
NF;860;3916;010322;020322;1111;1000;0;54;1.000;1
NF;860;3916;010322;020322;1111;3000;0;56;1.000;1
NF;860;3916;010322;020322;1111;3000;0;57;1.000;1
NF;860;3916;010322;020322;1111;3000;0;74;1.000;1
NF;860;3916;010322;020322;1111;10000;0;77;1.000;1
NF;860;3916;010322;020322;1111;17000;0;81;1.000;1
NF;860;3916;010322;020322;1111;20000;0;125;1.000;1
NF;860;3916;010322;020322;1111;1000;0;199;1.000;1
NF;860;3916;010322;020322;1111;1000;0;201;1.000;1
NF;860;3916;010322;020322;1111;1000;0;208;1.000;1
NF;860;3916;010322;020322;1111;1000;0;218;1.000;1
NF;860;3916;010322;020322;1111;30000;0;222;1.000;1
NF;860;3916;010322;020322;1111;10000;0;224;1.000;1
NF;860;3916;010322;020322;1111;1000;0;238;1.000;1
NF;860;3916;010322;020322;1111;1000;0;249;1.000;1
NF;860;3916;010322;020322;1111;2000;0;262;1.000;1
NF;860;3916;010322;020322;1111;4000;0;1271;1.000;1
NF;860;3916;010322;020322;1111;3000;0;1275;1.000;1
NF;860;3916;010322;020322;1111;3000;0;1277;1.000;1
NF;860;3916;010322;020322;1111;1000;0;1308;1.000;1
NF;860;3916;010322;020322;6210;5000;0.38;534;120.000;4
NF;860;3916;010322;020322;2866;1000;2.80;3571;10.000;4
NF;860;3916;010322;020322;4343;1000;0.80;3594;80.000;4
NF;860;3916;010322;020322;6208;1000;0.75;3837;80.000;4

