010()000377777777777771220301;,600
;)0240051310000002
;030,14,00000000000000000,220301,220302,,,,9174         ,,
;0400000000011820,40004000,,,,02 000000,,
;05000000004000
;030,14,00000000000000000,220301,220302,,,,3785         ,,
;0400000000001077,40010000,,,,02 000000,,
;0400000000000241,40005000,,,,02 000000,,
;0400000000000243,40005000,,,,02 000000,,
;0400000000000252,40005000,,,,02 000000,,
;0400000000000378,40001000,,,,02 000000,,
;0400000000000379,40001000,,,,02 000000,,
;0400000000000385,40001000,,,,02 000000,,
;0400000000000233,40003000,,,,02 000000,,
;0400000000004012,40001000,,,,02 000000,,
;0400000000004038,40001000,,,,02 000000,,
;05000000033000
;030,14,00000000000000000,220301,220302,,,,9172         ,,
;0400000000010430,40001000,,,,02 000000,,
;0400000000011925,40001000,,,,02 000000,,
;05000000002000
;030,14,00000000000000000,220301,220302,,,,3777         ,,
;0400000000000241,40005000,,,,02 000000,,
;0400000000000243,40005000,,,,02 000000,,
;0400000000000252,40010000,,,,02 000000,,
;0400000000000378,40001000,,,,02 000000,,
;0400000000000379,40001000,,,,02 000000,,
;0400000000000385,40001000,,,,02 000000,,
;0400000000000233,40005000,,,,02 000000,,
;0400000000004012,40001000,,,,02 000000,,
;0400000000004038,40001000,,,,02 000000,,
;05000000030000
;030,14,00000000000000000,220301,220302,,,,9159         ,,
;0400000000010205,40006000,,,,02 000000,,
;0400000000010255,40001000,,,,02 000000,,
;0400000000010501,40001000,,,,02 000000,,
;0400000000010540,40003000,,,,02 000000,,
;0400000000010686,40006000,,,,02 000000,,
;0400000000011179,40003000,,,,02 000000,,
;0400000000011523,40001000,,,,02 000000,,
;0400000000011820,40001000,,,,02 000000,,
;0400000000011926,40001000,,,,02 000000,,
;0400000000011928,40005000,,,,02 000000,,
;0400000000015025,40001000,,,,02 000000,,
;0400000000015288,40001000,,,,02 000000,,
;05000000030000
;030,14,00000000000000000,220301,220302,,,,3753         ,,
;0400000000000241,40004000,,,,02 000000,,
;0400000000000243,40004000,,,,02 000000,,
;0400000000000252,40008000,,,,02 000000,,
;0400000000000378,40001000,,,,02 000000,,
;0400000000000235,40010000,,,,02 000000,,
;0400000000004012,40001000,,,,02 000000,,
;0400000000004060,40001000,,,,02 000000,,
;0400000000004023,40001000,,,,02 000000,,
;05000000030000
;030,14,00000000000000000,220301,220302,,,,9102         ,,
;0400000000012633,40003000,,,,02 000000,,
;05000000003000
;030,14,00000000000000000,220301,220302,,,,9104         ,,
;0400000000010205,40010000,,,,02 000000,,
;0400000000010501,40004000,,,,02 000000,,
;0400000000010540,40001000,,,,02 000000,,
;0400000000010692,40001000,,,,02 000000,,
;0400000000011117,40006000,,,,02 000000,,
;0400000000011125,40006000,,,,02 000000,,
;0400000000011397,40004000,,,,02 000000,,
;0400000000011820,40004000,,,,02 000000,,
;0400000000011922,40002000,,,,02 000000,,
;0400000000011928,40006000,,,,02 000000,,
;0400000000012034,40002000,,,,02 000000,,
;0400000000012049,40004000,,,,02 000000,,
;05000000050000
;030,14,00000000000000000,220301,220302,,,,1635         ,,
;0400000000007006,40002000,,,,02 000000,,
;0400000000000311,40001000,,,,02 000000,,
;0400000000000318,40001000,,,,02 000000,,
;0400000000000241,40002000,,,,02 000000,,
;0400000000000243,40002000,,,,02 000000,,
;0400000000000252,40004000,,,,02 000000,,
;0400000000000378,40001000,,,,02 000000,,
;0400000000000379,40002000,,,,02 000000,,
;0400000000000385,40001000,,,,02 000000,,
;0400000000000233,40002000,,,,02 000000,,
;0400000000004012,40001000,,,,02 000000,,
;0400000000004038,40001000,,,,02 000000,,
;05000000020000
;030,14,00000000000000000,220301,220302,,,,9108         ,,
;0400000000010205,40003000,,,,02 000000,,
;0400000000010501,40001000,,,,02 000000,,
;0400000000010686,40002000,,,,02 000000,,
;0400000000011164,40002000,,,,02 000000,,
;0400000000011165,40002000,,,,02 000000,,
;0400000000011186,40002000,,,,02 000000,,
;0400000000011187,40002000,,,,02 000000,,
;0400000000011523,40001000,,,,02 000000,,
;0400000000014658,40001000,,,,02 000000,,
;0400000000014784,40001000,,,,02 000000,,
;0400000000015095,40001000,,,,02 000000,,
;0400000000015179,40003000,,,,02 000000,,
;05000000021000
;030,14,00000000000000000,220301,220302,,,,3870         ,,
;0400000000000241,40006000,,,,02 000000,,
;0400000000000243,40006000,,,,02 000000,,
;0400000000000252,40003000,,,,02 000000,,
;0400000000000378,40001000,,,,02 000000,,
;0400000000000379,40001000,,,,02 000000,,
;0400000000000233,40004000,,,,02 000000,,
;0400000000004038,40001000,,,,02 000000,,
;05000000022000
;030,14,00000000000000000,220301,220302,,,,3862         ,,
;0400000000000311,40002000,,,,02 000000,,
;0400000000000318,40001000,,,,02 000000,,
;0400000000000241,40005000,,,,02 000000,,
;0400000000000243,40005000,,,,02 000000,,
;0400000000000252,40004000,,,,02 000000,,
;0400000000000378,40001000,,,,02 000000,,
;0400000000000379,40001000,,,,02 000000,,
;0400000000000385,40001000,,,,02 000000,,
;0400000000000235,40010000,,,,02 000000,,
;0400000000004012,40001000,,,,02 000000,,
;0400000000004060,40001000,,,,02 000000,,
;0400000000004023,40001000,,,,02 000000,,
;05000000033000
;030,14,00000000000000000,220301,220302,,,,9193         ,,
;0400000000010255,40001000,,,,02 000000,,
;0400000000010275,40001000,,,,02 000000,,
;0400000000010430,40001000,,,,02 000000,,
;0400000000010501,40001000,,,,02 000000,,
;0400000000010540,40001000,,,,02 000000,,
;0400000000010690,40001000,,,,02 000000,,
;0400000000011125,40002000,,,,02 000000,,
;0400000000011129,40001000,,,,02 000000,,
;0400000000011179,40001000,,,,02 000000,,
;0400000000011820,40001000,,,,02 000000,,
;0400000000014505,40001000,,,,02 000000,,
;0400000000015022,40001000,,,,02 000000,,
;05000000013000
;030,14,00000000000000000,220301,220302,,,,3861         ,,
;0400000000007006,40004000,,,,02 000000,,
;0400000000000311,40002000,,,,02 000000,,
;0400000000000318,40001000,,,,02 000000,,
;0400000000000241,40010000,,,,02 000000,,
;0400000000000243,40010000,,,,02 000000,,
;0400000000000252,40005000,,,,02 000000,,
;0400000000000378,40001000,,,,02 000000,,
;0400000000000379,40001000,,,,02 000000,,
;0400000000000385,40001000,,,,02 000000,,
;0400000000000233,40005000,,,,02 000000,,
;0400000000004012,40001000,,,,02 000000,,
;0400000000004038,40001000,,,,02 000000,,
;0400000000004060,40001000,,,,02 000000,,
;0400000000004023,40001000,,,,02 000000,,
;05000000044000
;030,14,00000000000000000,220301,220302,,,,9149         ,,
;0400000000010501,40001000,,,,02 000000,,
;0400000000011117,40005000,,,,02 000000,,
;0400000000011125,40002000,,,,02 000000,,
;0400000000011129,40001000,,,,02 000000,,
;0400000000011183,40001000,,,,02 000000,,
;0400000000011397,40002000,,,,02 000000,,
;0400000000011658,40001000,,,,02 000000,,
;0400000000011925,40001000,,,,02 000000,,
;0400000000011926,40001000,,,,02 000000,,
;0400000000012049,40002000,,,,02 000000,,
;05000000017000
;030,14,00000000000000000,220301,220302,,,,3733         ,,
;0400000000000318,40001000,,,,02 000000,,
;0400000000001077,40010000,,,,02 000000,,
;0400000000000241,40010000,,,,02 000000,,
;0400000000000243,40010000,,,,02 000000,,
;0400000000000252,40003000,,,,02 000000,,
;0400000000000378,40001000,,,,02 000000,,
;0400000000000379,40001000,,,,02 000000,,
;0400000000000385,40001000,,,,02 000000,,
;0400000000004012,40001000,,,,02 000000,,
;0400000000004060,40001000,,,,02 000000,,
;05000000039000
;030,14,00000000000000000,220301,220302,,,,9150         ,,
;0400000000010430,40001000,,,,02 000000,,
;0400000000010501,40001000,,,,02 000000,,
;0400000000010692,40001000,,,,02 000000,,
;0400000000011820,40003000,,,,02 000000,,
;0400000000011922,40001000,,,,02 000000,,
;0400000000011932,40001000,,,,02 000000,,
;0400000000012049,40001000,,,,02 000000,,
;05000000009000
;030,14,00000000000000000,220301,220302,,,,3735         ,,
;0400000000007006,40003000,,,,02 000000,,
;0400000000000311,40002000,,,,02 000000,,
;0400000000000318,40001000,,,,02 000000,,
;0400000000001077,40020000,,,,02 000000,,
;0400000000000241,40012000,,,,02 000000,,
;0400000000000243,40012000,,,,02 000000,,
;0400000000000252,40006000,,,,02 000000,,
;0400000000000378,40002000,,,,02 000000,,
;0400000000000379,40003000,,,,02 000000,,
;0400000000000385,40002000,,,,02 000000,,
;0400000000000233,40005000,,,,02 000000,,
;0400000000004012,40002000,,,,02 000000,,
;0400000000004038,40001000,,,,02 000000,,
;05000000071000
;030,14,00000000000000000,220301,220302,,,,9151         ,,
;0400000000010501,40001000,,,,02 000000,,
;0400000000010687,40008000,,,,02 000000,,
;0400000000010690,40002000,,,,02 000000,,
;0400000000011658,40001000,,,,02 000000,,
;0400000000011922,40001000,,,,02 000000,,
;0400000000011929,40001000,,,,02 000000,,
;0400000000014282,40001000,,,,02 000000,,
;05000000015000
;030,14,00000000000000000,220301,220302,,,,3737         ,,
;0400000000007006,40003000,,,,02 000000,,
;0400000000000311,40003000,,,,02 000000,,
;0400000000000318,40002000,,,,02 000000,,
;0400000000001073,40006000,,,,02 000000,,
;0400000000001077,40015000,,,,02 000000,,
;0400000000000241,40012000,,,,02 000000,,
;0400000000000243,40012000,,,,02 000000,,
;0400000000000252,40010000,,,,02 000000,,
;0400000000000378,40002000,,,,02 000000,,
;0400000000000379,40003000,,,,02 000000,,
;0400000000000385,40003000,,,,02 000000,,
;0400000000000233,40010000,,,,02 000000,,
;0400000000000235,40010000,,,,02 000000,,
;0400000000004012,40001000,,,,02 000000,,
;0400000000004038,40001000,,,,02 000000,,
;0400000000004060,40002000,,,,02 000000,,
;0400000000004023,40002000,,,,02 000000,,
;05000000097000
;030,14,00000000000000000,220301,220302,,,,9211         ,,
;0400000000012966,40015000,,,,02 000000,,
;05000000015000
;030,14,00000000000000000,220301,220302,,,,3872         ,,
;0400000000007006,40001000,,,,02 000000,,
;0400000000000318,40001000,,,,02 000000,,
;0400000000001073,40003000,,,,02 000000,,
;0400000000001077,40010000,,,,02 000000,,
;0400000000000241,40004000,,,,02 000000,,
;0400000000000243,40004000,,,,02 000000,,
;0400000000000252,40004000,,,,02 000000,,
;0400000000000379,40001000,,,,02 000000,,
;0400000000000385,40001000,,,,02 000000,,
;0400000000000235,40004000,,,,02 000000,,
;0400000000004012,40001000,,,,02 000000,,
;0400000000004038,40001000,,,,02 000000,,
;0400000000004060,40001000,,,,02 000000,,
;05000000036000
;030,14,00000000000000000,220301,220302,,,,9110         ,,
;0400000000010501,40001000,,,,02 000000,,
;0400000000011820,40003000,,,,02 000000,,
;0400000000011922,40001000,,,,02 000000,,
;05000000005000
;030,14,00000000000000000,220301,220302,,,,1647         ,,
;0400000000007006,40003000,,,,02 000000,,
;0400000000000311,40001000,,,,02 000000,,
;0400000000000318,40002000,,,,02 000000,,
;0400000000000241,40004000,,,,02 000000,,
;0400000000000243,40004000,,,,02 000000,,
;0400000000000252,40010000,,,,02 000000,,
;0400000000000378,40001000,,,,02 000000,,
;0400000000000379,40001000,,,,02 000000,,
;0400000000000385,40001000,,,,02 000000,,
;0400000000004012,40001000,,,,02 000000,,
;0400000000004038,40001000,,,,02 000000,,
;0400000000004060,40001000,,,,02 000000,,
;0400000000004023,40001000,,,,02 000000,,
;05000000031000
;030,14,00000000000000000,220301,220302,,,,9212         ,,
;0400000000011183,40001000,,,,02 000000,,
;0400000000011186,40001000,,,,02 000000,,
;0400000000011922,40001000,,,,02 000000,,
;0400000000014672,40001000,,,,02 000000,,
;05000000004000
;030,14,00000000000000000,220301,220302,,,,3873         ,,
;0400000000001077,40010000,,,,02 000000,,
;0400000000000241,40010000,,,,02 000000,,
;0400000000000243,40010000,,,,02 000000,,
;0400000000000379,40001000,,,,02 000000,,
;0400000000000385,40001000,,,,02 000000,,
;0400000000004012,40001000,,,,02 000000,,
;0400000000004038,40001000,,,,02 000000,,
;05000000034000
;030,14,00000000000000000,220301,220302,,,,9113         ,,
;0400000000010501,40002000,,,,02 000000,,
;0400000000010686,40004000,,,,02 000000,,
;0400000000011165,40002000,,,,02 000000,,
;0400000000011354,40008000,,,,02 000000,,
;05000000016000
;030,14,00000000000000000,220301,220302,,,,1655         ,,
;0400000000007006,40004000,,,,02 000000,,
;0400000000000311,40001000,,,,02 000000,,
;0400000000000318,40001000,,,,02 000000,,
;0400000000001073,40006000,,,,02 000000,,
;0400000000001077,40010000,,,,02 000000,,
;0400000000000241,40005000,,,,02 000000,,
;0400000000000243,40005000,,,,02 000000,,
;0400000000000252,40015000,,,,02 000000,,
;0400000000000378,40001000,,,,02 000000,,
;0400000000000379,40002000,,,,02 000000,,
;0400000000000385,40001000,,,,02 000000,,
;0400000000004012,40001000,,,,02 000000,,
;0400000000004023,40001000,,,,02 000000,,
;05000000053000
;030,14,00000000000000000,220301,220302,,,,9153         ,,
;0400000000010501,40001000,,,,02 000000,,
;0400000000010627,40001000,,,,02 000000,,
;0400000000011397,40001000,,,,02 000000,,
;0400000000011658,40001000,,,,02 000000,,
;0400000000011820,40002000,,,,02 000000,,
;0400000000011926,40001000,,,,02 000000,,
;0400000000012034,40001000,,,,02 000000,,
;0400000000014452,40001000,,,,02 000000,,
;0400000000014670,40001000,,,,02 000000,,
;0400000000014673,40001000,,,,02 000000,,
;0400000000015023,40001000,,,,02 000000,,
;0400000000015185,40001000,,,,02 000000,,
;0400000000015272,40005000,,,,02 000000,,
;05000000018000
;030,14,00000000000000000,220301,220302,,,,3741         ,,
;0400000000007006,40002000,,,,02 000000,,
;0400000000000241,40006000,,,,02 000000,,
;0400000000000243,40005000,,,,02 000000,,
;0400000000000252,40005000,,,,02 000000,,
;0400000000000378,40002000,,,,02 000000,,
;0400000000000379,40001000,,,,02 000000,,
;0400000000000385,40002000,,,,02 000000,,
;0400000000000233,40003000,,,,02 000000,,
;0400000000000235,40005000,,,,02 000000,,
;0400000000004038,40001000,,,,02 000000,,
;0400000000004060,40001000,,,,02 000000,,
;05000000033000
;030,14,00000000000000000,220301,220302,,,,1661         ,,
;0400000000007006,40003000,,,,02 000000,,
;0400000000001077,40010000,,,,02 000000,,
;05000000013000
;030,14,00000000000000000,220301,220302,,,,9116         ,,
;0400000000010205,40002000,,,,02 000000,,
;0400000000010275,40001000,,,,02 000000,,
;0400000000010430,40001000,,,,02 000000,,
;0400000000010501,40001000,,,,02 000000,,
;0400000000011117,40003000,,,,02 000000,,
;0400000000011125,40002000,,,,02 000000,,
;0400000000011129,40001000,,,,02 000000,,
;0400000000011186,40001000,,,,02 000000,,
;0400000000011354,40010000,,,,02 000000,,
;0400000000011397,40001000,,,,02 000000,,
;0400000000011820,40001000,,,,02 000000,,
;0400000000011922,40002000,,,,02 000000,,
;0400000000011929,40002000,,,,02 000000,,
;0400000000011932,40001000,,,,02 000000,,
;0400000000012049,40002000,,,,02 000000,,
;0400000000014052,40001000,,,,02 000000,,
;0400000000014451,40001000,,,,02 000000,,
;0400000000014452,40001000,,,,02 000000,,
;0400000000015323,40002000,,,,02 000000,,
;0400000000015339,40001000,,,,02 000000,,
;05000000037000
;030,14,00000000000000000,220301,220302,,,,1667         ,,
;0400000000007006,40005000,,,,02 000000,,
;0400000000000311,40001000,,,,02 000000,,
;0400000000000318,40001000,,,,02 000000,,
;0400000000001073,40003000,,,,02 000000,,
;0400000000001077,40010000,,,,02 000000,,
;0400000000000241,40005000,,,,02 000000,,
;0400000000000243,40005000,,,,02 000000,,
;0400000000000252,40005000,,,,02 000000,,
;0400000000000378,40001000,,,,02 000000,,
;0400000000000379,40001000,,,,02 000000,,
;0400000000000385,40001000,,,,02 000000,,
;0400000000000235,40004000,,,,02 000000,,
;0400000000004012,40001000,,,,02 000000,,
;0400000000004038,40001000,,,,02 000000,,
;0400000000004060,40001000,,,,02 000000,,
;0400000000004023,40001000,,,,02 000000,,
;05000000046000
;030,14,00000000000000000,220301,220302,,,,3767         ,,
;0400000000000241,40003000,,,,02 000000,,
;0400000000000243,40003000,,,,02 000000,,
;0400000000000252,40003000,,,,02 000000,,
;05000000009000
;030,14,00000000000000000,220301,220302,,,,1671         ,,
;0400000000000235,40010000,,,,02 000000,,
;0400000000000241,40010000,,,,02 000000,,
;0400000000000243,40010000,,,,02 000000,,
;0400000000000252,40010000,,,,02 000000,,
;0400000000000311,40001000,,,,02 000000,,
;0400000000000318,40001000,,,,02 000000,,
;0400000000000378,40003000,,,,02 000000,,
;0400000000000379,40003000,,,,02 000000,,
;0400000000000385,40002000,,,,02 000000,,
;0400000000004012,40001000,,,,02 000000,,
;0400000000004023,40001000,,,,02 000000,,
;0400000000004038,40001000,,,,02 000000,,
;0400000000004060,40001000,,,,02 000000,,
;05000000054000
;030,14,00000000000000000,220301,220302,,,,9118         ,,
;0400000000010344,40001000,,,,02 000000,,
;0400000000010501,40001000,,,,02 000000,,
;0400000000010692,40001000,,,,02 000000,,
;0400000000011117,40010000,,,,02 000000,,
;0400000000011164,40001000,,,,02 000000,,
;0400000000011186,40001000,,,,02 000000,,
;0400000000011354,40020000,,,,02 000000,,
;0400000000011820,40002000,,,,02 000000,,
;0400000000011922,40001000,,,,02 000000,,
;0400000000011926,40001000,,,,02 000000,,
;0400000000011928,40005000,,,,02 000000,,
;0400000000011929,40002000,,,,02 000000,,
;0400000000012034,40001000,,,,02 000000,,
;0400000000012049,40002000,,,,02 000000,,
;0400000000014052,40001000,,,,02 000000,,
;0400000000014282,40002000,,,,02 000000,,
;0400000000014283,40001000,,,,02 000000,,
;0400000000014658,40001000,,,,02 000000,,
;0400000000014670,40001000,,,,02 000000,,
;0400000000014673,40001000,,,,02 000000,,
;0400000000015022,40001000,,,,02 000000,,
;0400000000015023,40001000,,,,02 000000,,
;0400000000015032,40001000,,,,02 000000,,
;0400000000015323,40001000,,,,02 000000,,
;05000000060000
;030,14,00000000000000000,220301,220302,,,,9191         ,,
;0400000000010501,40001000,,,,02 000000,,
;0400000000011117,40006000,,,,02 000000,,
;0400000000011922,40001000,,,,02 000000,,
;0400000000012034,40001000,,,,02 000000,,
;05000000009000
;030,14,00000000000000000,220301,220302,,,,3859         ,,
;0400000000000241,40006000,,,,02 000000,,
;0400000000000243,40006000,,,,02 000000,,
;0400000000000252,40004000,,,,02 000000,,
;0400000000000378,40001000,,,,02 000000,,
;0400000000000379,40001000,,,,02 000000,,
;0400000000000385,40001000,,,,02 000000,,
;0400000000000235,40008000,,,,02 000000,,
;0400000000004012,40001000,,,,02 000000,,
;0400000000004023,40001000,,,,02 000000,,
;05000000029000
;030,14,00000000000000000,220301,220302,,,,9119         ,,
;0400000000011129,40001000,,,,02 000000,,
;0400000000011164,40002000,,,,02 000000,,
;0400000000011165,40002000,,,,02 000000,,
;0400000000011354,40005000,,,,02 000000,,
;0400000000012055,40001000,,,,02 000000,,
;0400000000014281,40001000,,,,02 000000,,
;0400000000014282,40001000,,,,02 000000,,
;0400000000014283,40001000,,,,02 000000,,
;0400000000014451,40001000,,,,02 000000,,
;0400000000014452,40001000,,,,02 000000,,
;0400000000014755,40001000,,,,02 000000,,
;0400000000014804,40001000,,,,02 000000,,
;0400000000015011,40001000,,,,02 000000,,
;0400000000015022,40001000,,,,02 000000,,
;0400000000015095,40001000,,,,02 000000,,
;0400000000015111,40001000,,,,02 000000,,
;0400000000015115,40002000,,,,02 000000,,
;0400000000015299,40001000,,,,02 000000,,
;05000000025000
;030,14,00000000000000000,220301,220302,,,,1678         ,,
;0400000000000311,40001000,,,,02 000000,,
;0400000000000318,40001000,,,,02 000000,,
;0400000000001077,40020000,,,,02 000000,,
;0400000000000241,40011000,,,,02 000000,,
;0400000000000243,40011000,,,,02 000000,,
;0400000000000378,40001000,,,,02 000000,,
;0400000000000379,40002000,,,,02 000000,,
;0400000000000385,40001000,,,,02 000000,,
;0400000000000233,40005000,,,,02 000000,,
;0400000000000235,40005000,,,,02 000000,,
;0400000000004012,40001000,,,,02 000000,,
;0400000000004038,40001000,,,,02 000000,,
;0400000000004060,40001000,,,,02 000000,,
;05000000061000
;030,14,00000000000000000,220301,220302,,,,3871         ,,
;0400000000000311,40001000,,,,02 000000,,
;0400000000000241,40008000,,,,02 000000,,
;0400000000000243,40008000,,,,02 000000,,
;0400000000000252,40003000,,,,02 000000,,
;0400000000000379,40001000,,,,02 000000,,
;0400000000000385,40002000,,,,02 000000,,
;0400000000000233,40006000,,,,02 000000,,
;0400000000000235,40008000,,,,02 000000,,
;0400000000004012,40001000,,,,02 000000,,
;0400000000004060,40001000,,,,02 000000,,
;05000000039000
;030,14,00000000000000000,220301,220302,,,,1683         ,,
;0400000000000241,40003000,,,,02 000000,,
;0400000000000243,40003000,,,,02 000000,,
;0400000000000379,40001000,,,,02 000000,,
;05000000007000
;030,14,00000000000000000,220301,220302,,,,9122         ,,
;0400000000011117,40002000,,,,02 000000,,
;05000000002000
;030,14,00000000000000000,220301,220302,,,,1686         ,,
;0400000000001077,40008000,,,,02 000000,,
;0400000000000241,40010000,,,,02 000000,,
;0400000000000243,40010000,,,,02 000000,,
;0400000000000378,40002000,,,,02 000000,,
;0400000000000379,40003000,,,,02 000000,,
;0400000000000385,40002000,,,,02 000000,,
;0400000000000233,40010000,,,,02 000000,,
;0400000000004012,40001000,,,,02 000000,,
;0400000000004060,40001000,,,,02 000000,,
;05000000047000
;030,14,00000000000000000,220301,220302,,,,9123         ,,
;0400000000010501,40001000,,,,02 000000,,
;0400000000011186,40002000,,,,02 000000,,
;0400000000011187,40001000,,,,02 000000,,
;0400000000011397,40001000,,,,02 000000,,
;0400000000011820,40002000,,,,02 000000,,
;0400000000011932,40002000,,,,02 000000,,
;0400000000015111,40001000,,,,02 000000,,
;05000000010000
;030,14,00000000000000000,220301,220302,,,,9124         ,,
;0400000000011117,40008000,,,,02 000000,,
;0400000000011129,40001000,,,,02 000000,,
;05000000009000
;030,14,00000000000000000,220301,220302,,,,1633         ,,
;0400000000007006,40006000,,,,02 000000,,
;0400000000000311,40002000,,,,02 000000,,
;0400000000000318,40001000,,,,02 000000,,
;0400000000001073,40006000,,,,02 000000,,
;0400000000000241,40006000,,,,02 000000,,
;0400000000000243,40006000,,,,02 000000,,
;0400000000000252,40016000,,,,02 000000,,
;0400000000000378,40002000,,,,02 000000,,
;0400000000000379,40002000,,,,02 000000,,
;0400000000000385,40001000,,,,02 000000,,
;0400000000000235,40010000,,,,02 000000,,
;0400000000004012,40002000,,,,02 000000,,
;0400000000004038,40001000,,,,02 000000,,
;0400000000004060,40001000,,,,02 000000,,
;0400000000004023,40001000,,,,02 000000,,
;05000000063000
;030,14,00000000000000000,220301,220302,,,,9126         ,,
;0400000000010255,40001000,,,,02 000000,,
;0400000000010275,40002000,,,,02 000000,,
;0400000000010501,40001000,,,,02 000000,,
;0400000000010690,40002000,,,,02 000000,,
;0400000000011179,40002000,,,,02 000000,,
;0400000000011186,40003000,,,,02 000000,,
;0400000000011187,40002000,,,,02 000000,,
;0400000000011658,40002000,,,,02 000000,,
;0400000000011820,40002000,,,,02 000000,,
;0400000000011922,40002000,,,,02 000000,,
;0400000000011925,40001000,,,,02 000000,,
;0400000000012049,40002000,,,,02 000000,,
;0400000000012966,40020000,,,,02 000000,,
;0400000000014281,40003000,,,,02 000000,,
;0400000000014283,40003000,,,,02 000000,,
;0400000000014451,40001000,,,,02 000000,,
;0400000000015185,40001000,,,,02 000000,,
;05000000050000
;030,14,00000000000000000,220301,220302,,,,1688         ,,
;0400000000007006,40006000,,,,02 000000,,
;0400000000000311,40002000,,,,02 000000,,
;0400000000000318,40002000,,,,02 000000,,
;0400000000001073,40006000,,,,02 000000,,
;0400000000001077,40015000,,,,02 000000,,
;0400000000000241,40010000,,,,02 000000,,
;0400000000000243,40010000,,,,02 000000,,
;0400000000000252,40012000,,,,02 000000,,
;0400000000000378,40002000,,,,02 000000,,
;0400000000000379,40002000,,,,02 000000,,
;0400000000000385,40002000,,,,02 000000,,
;0400000000000235,40020000,,,,02 000000,,
;0400000000004012,40004000,,,,02 000000,,
;0400000000004038,40002000,,,,02 000000,,
;0400000000004060,40002000,,,,02 000000,,
;0400000000004023,40002000,,,,02 000000,,
;05000000099000
;030,14,00000000000000000,220301,220302,,,,9127         ,,
;0400000000010501,40001000,,,,02 000000,,
;0400000000011117,40003000,,,,02 000000,,
;0400000000011354,40005000,,,,02 000000,,
;0400000000011658,40001000,,,,02 000000,,
;0400000000011820,40004000,,,,02 000000,,
;0400000000011922,40001000,,,,02 000000,,
;0400000000011929,40001000,,,,02 000000,,
;0400000000011932,40001000,,,,02 000000,,
;0400000000014283,40001000,,,,02 000000,,
;0400000000014452,40001000,,,,02 000000,,
;0400000000014658,40001000,,,,02 000000,,
;0400000000015023,40001000,,,,02 000000,,
;0400000000015095,40001000,,,,02 000000,,
;0400000000015179,40001000,,,,02 000000,,
;0400000000015180,40002000,,,,02 000000,,
;0400000000015305,40001000,,,,02 000000,,
;0400000000015323,40001000,,,,02 000000,,
;05000000027000
;030,14,00000000000000000,220301,220302,,,,1663         ,,
;0400000000007006,40002000,,,,02 000000,,
;0400000000001077,40010000,,,,02 000000,,
;0400000000000241,40005000,,,,02 000000,,
;0400000000000243,40005000,,,,02 000000,,
;0400000000000252,40005000,,,,02 000000,,
;0400000000000378,40001000,,,,02 000000,,
;0400000000000379,40002000,,,,02 000000,,
;0400000000000385,40002000,,,,02 000000,,
;0400000000004012,40001000,,,,02 000000,,
;0400000000004038,40001000,,,,02 000000,,
;0400000000004060,40001000,,,,02 000000,,
;05000000035000
;030,14,00000000000000000,220301,220302,,,,9194         ,,
;0400000000010690,40001000,,,,02 000000,,
;0400000000011117,40002000,,,,02 000000,,
;0400000000011160,40001000,,,,02 000000,,
;0400000000011161,40001000,,,,02 000000,,
;0400000000011164,40002000,,,,02 000000,,
;0400000000011165,40001000,,,,02 000000,,
;0400000000011186,40002000,,,,02 000000,,
;0400000000011187,40001000,,,,02 000000,,
;0400000000011820,40003000,,,,02 000000,,
;05000000014000
;030,14,00000000000000000,220301,220302,,,,3863         ,,
;0400000000000311,40001000,,,,02 000000,,
;0400000000001073,40003000,,,,02 000000,,
;0400000000001077,40006000,,,,02 000000,,
;0400000000000241,40005000,,,,02 000000,,
;0400000000000243,40005000,,,,02 000000,,
;0400000000000252,40005000,,,,02 000000,,
;0400000000000379,40001000,,,,02 000000,,
;0400000000000385,40001000,,,,02 000000,,
;0400000000000233,40006000,,,,02 000000,,
;0400000000000235,40006000,,,,02 000000,,
;0400000000004012,40001000,,,,02 000000,,
;0400000000004038,40001000,,,,02 000000,,
;0400000000004060,40001000,,,,02 000000,,
;05000000042000
;030,14,00000000000000000,220301,220302,,,,3739         ,,
;0400000000000241,40005000,,,,02 000000,,
;0400000000000243,40005000,,,,02 000000,,
;0400000000000252,40005000,,,,02 000000,,
;0400000000000379,40001000,,,,02 000000,,
;0400000000004012,40001000,,,,02 000000,,
;0400000000004038,40001000,,,,02 000000,,
;0400000000004023,40001000,,,,02 000000,,
;05000000019000
;030,14,00000000000000000,220301,220302,,,,3875         ,,
;0400000000000311,40001000,,,,02 000000,,
;0400000000000318,40001000,,,,02 000000,,
;0400000000001077,40005000,,,,02 000000,,
;0400000000000241,40008000,,,,02 000000,,
;0400000000000243,40006000,,,,02 000000,,
;0400000000000252,40003000,,,,02 000000,,
;0400000000000378,40001000,,,,02 000000,,
;0400000000000379,40001000,,,,02 000000,,
;0400000000000385,40001000,,,,02 000000,,
;0400000000000233,40005000,,,,02 000000,,
;0400000000000235,40005000,,,,02 000000,,
;0400000000004012,40001000,,,,02 000000,,
;0400000000004038,40001000,,,,02 000000,,
;0400000000004060,40001000,,,,02 000000,,
;0400000000004023,40001000,,,,02 000000,,
;05000000041000
;030,14,00000000000000000,220301,220302,,,,9137         ,,
;0400000000010522,40002000,,,,02 000000,,
;0400000000011354,40008000,,,,02 000000,,
;05000000010000
;030,14,00000000000000000,220301,220302,,,,3708         ,,
;0400000000007006,40002000,,,,02 000000,,
;0400000000000311,40001000,,,,02 000000,,
;0400000000001077,40008000,,,,02 000000,,
;0400000000000241,40005000,,,,02 000000,,
;0400000000000243,40005000,,,,02 000000,,
;0400000000000252,40008000,,,,02 000000,,
;0400000000000378,40001000,,,,02 000000,,
;0400000000000233,40003000,,,,02 000000,,
;0400000000000235,40005000,,,,02 000000,,
;0400000000004012,40001000,,,,02 000000,,
;0400000000004060,40002000,,,,02 000000,,
;0400000000004023,40001000,,,,02 000000,,
;05000000042000
;030,14,00000000000000000,220301,220302,,,,9138         ,,
;0400000000010275,40001000,,,,02 000000,,
;0400000000015299,40001000,,,,02 000000,,
;0400000000015305,40001000,,,,02 000000,,
;0400000000010288,40001000,,,,02 000000,,
;0400000000014052,40001000,,,,02 000000,,
;0400000000010540,40001000,,,,02 000000,,
;0400000000014282,40002000,,,,02 000000,,
;0400000000014281,40001000,,,,02 000000,,
;0400000000014283,40002000,,,,02 000000,,
;0400000000015288,40002000,,,,02 000000,,
;0400000000010686,40004000,,,,02 000000,,
;0400000000010692,40001000,,,,02 000000,,
;0400000000011125,40001000,,,,02 000000,,
;0400000000015057,40002000,,,,02 000000,,
;0400000000011354,40004000,,,,02 000000,,
;0400000000015180,40002000,,,,02 000000,,
;0400000000011100,40001000,,,,02 000000,,
;0400000000011117,40002000,,,,02 000000,,
;0400000000011187,40002000,,,,02 000000,,
;0400000000011164,40002000,,,,02 000000,,
;0400000000011165,40001000,,,,02 000000,,
;0400000000011186,40004000,,,,02 000000,,
;0400000000011179,40001000,,,,02 000000,,
;0400000000011397,40001000,,,,02 000000,,
;0400000000015022,40002000,,,,02 000000,,
;0400000000015323,40002000,,,,02 000000,,
;0400000000015025,40002000,,,,02 000000,,
;0400000000014670,40001000,,,,02 000000,,
;0400000000014673,40001000,,,,02 000000,,
;0400000000011658,40001000,,,,02 000000,,
;0400000000011820,40001000,,,,02 000000,,
;0400000000011928,40002000,,,,02 000000,,
;0400000000011932,40001000,,,,02 000000,,
;0400000000014755,40001000,,,,02 000000,,
;0400000000011988,40001000,,,,02 000000,,
;0400000000014767,40001000,,,,02 000000,,
;0400000000012041,40001000,,,,02 000000,,
;0400000000012049,40002000,,,,02 000000,,
;0400000000015111,40004000,,,,02 000000,,
;0400000000015272,40010000,,,,02 000000,,
;05000000074000
;030,14,00000000000000000,220301,220302,,,,3710         ,,
;0400000000007006,40002000,,,,02 000000,,
;0400000000000311,40001000,,,,02 000000,,
;0400000000000318,40001000,,,,02 000000,,
;0400000000000241,40002000,,,,02 000000,,
;0400000000000243,40002000,,,,02 000000,,
;0400000000000252,40006000,,,,02 000000,,
;0400000000000378,40001000,,,,02 000000,,
;0400000000000379,40001000,,,,02 000000,,
;0400000000000385,40001000,,,,02 000000,,
;0400000000000233,40005000,,,,02 000000,,
;0400000000000235,40010000,,,,02 000000,,
;0400000000004012,40001000,,,,02 000000,,
;0400000000004038,40001000,,,,02 000000,,
;0400000000004023,40001000,,,,02 000000,,
;05000000035000
;030,14,00000000000000000,220301,220302,,,,9131         ,,
;0400000000010255,40002000,,,,02 000000,,
;0400000000010501,40002000,,,,02 000000,,
;0400000000010540,40003000,,,,02 000000,,
;0400000000010692,40001000,,,,02 000000,,
;0400000000011117,40009000,,,,02 000000,,
;0400000000011125,40002000,,,,02 000000,,
;0400000000011129,40001000,,,,02 000000,,
;0400000000011354,40015000,,,,02 000000,,
;0400000000011397,40001000,,,,02 000000,,
;0400000000011658,40004000,,,,02 000000,,
;0400000000011820,40002000,,,,02 000000,,
;0400000000011922,40001000,,,,02 000000,,
;0400000000011932,40004000,,,,02 000000,,
;0400000000012034,40002000,,,,02 000000,,
;05000000049000
;030,14,00000000000000000,220301,220302,,,,1217         ,,
;0400000000007006,40002000,,,,02 000000,,
;0400000000000311,40001000,,,,02 000000,,
;0400000000000318,40001000,,,,02 000000,,
;0400000000000241,40007000,,,,02 000000,,
;0400000000000243,40007000,,,,02 000000,,
;0400000000000252,40008000,,,,02 000000,,
;0400000000000378,40002000,,,,02 000000,,
;0400000000000379,40002000,,,,02 000000,,
;0400000000000385,40002000,,,,02 000000,,
;0400000000004012,40001000,,,,02 000000,,
;0400000000004038,40001000,,,,02 000000,,
;05000000034000
;030,14,00000000000000000,220301,220302,,,,9143         ,,
;0400000000010501,40002000,,,,02 000000,,
;0400000000010690,40001000,,,,02 000000,,
;0400000000011117,40002000,,,,02 000000,,
;0400000000011354,40005000,,,,02 000000,,
;0400000000011523,40001000,,,,02 000000,,
;0400000000011658,40001000,,,,02 000000,,
;0400000000011820,40003000,,,,02 000000,,
;0400000000011922,40002000,,,,02 000000,,
;0400000000011928,40002000,,,,02 000000,,
;0400000000011929,40002000,,,,02 000000,,
;05000000021000
;030,14,00000000000000000,220301,220302,,,,3721         ,,
;0400000000007006,40003000,,,,02 000000,,
;0400000000001077,40015000,,,,02 000000,,
;0400000000000241,40006000,,,,02 000000,,
;0400000000000243,40005000,,,,02 000000,,
;0400000000000252,40004000,,,,02 000000,,
;0400000000000378,40001000,,,,02 000000,,
;0400000000000379,40001000,,,,02 000000,,
;0400000000000385,40002000,,,,02 000000,,
;0400000000004012,40001000,,,,02 000000,,
;0400000000004038,40001000,,,,02 000000,,
;0400000000004060,40001000,,,,02 000000,,
;0400000000004023,40001000,,,,02 000000,,
;05000000041000
;030,14,00000000000000000,220301,220302,,,,9132         ,,
;0400000000010288,40001000,,,,02 000000,,
;0400000000010501,40001000,,,,02 000000,,
;0400000000010686,40003000,,,,02 000000,,
;0400000000011100,40001000,,,,02 000000,,
;0400000000011117,40006000,,,,02 000000,,
;0400000000011125,40001000,,,,02 000000,,
;0400000000011354,40002000,,,,02 000000,,
;0400000000011397,40001000,,,,02 000000,,
;0400000000011820,40003000,,,,02 000000,,
;0400000000011926,40001000,,,,02 000000,,
;0400000000011988,40001000,,,,02 000000,,
;0400000000012034,40001000,,,,02 000000,,
;0400000000012049,40001000,,,,02 000000,,
;0400000000014052,40001000,,,,02 000000,,
;0400000000014283,40001000,,,,02 000000,,
;0400000000014755,40001000,,,,02 000000,,
;0400000000015022,40001000,,,,02 000000,,
;0400000000015214,40001000,,,,02 000000,,
;05000000028000
;030,14,00000000000000000,220301,220302,,,,1207         ,,
;0400000000007006,40002000,,,,02 000000,,
;0400000000000311,40001000,,,,02 000000,,
;0400000000000318,40001000,,,,02 000000,,
;0400000000000241,40005000,,,,02 000000,,
;0400000000000243,40004000,,,,02 000000,,
;0400000000000252,40006000,,,,02 000000,,
;0400000000000378,40002000,,,,02 000000,,
;0400000000000379,40002000,,,,02 000000,,
;0400000000000385,40001000,,,,02 000000,,
;0400000000004012,40001000,,,,02 000000,,
;0400000000004038,40001000,,,,02 000000,,
;0400000000004060,40001000,,,,02 000000,,
;05000000027000
;030,14,00000000000000000,220301,220302,,,,9213         ,,
;0400000000010501,40001000,,,,02 000000,,
;05000000001000
;030,14,00000000000000000,220301,220302,,,,3874         ,,
;0400000000007006,40003000,,,,02 000000,,
;0400000000000311,40001000,,,,02 000000,,
;0400000000000318,40001000,,,,02 000000,,
;0400000000000241,40008000,,,,02 000000,,
;0400000000000243,40008000,,,,02 000000,,
;0400000000000252,40006000,,,,02 000000,,
;0400000000000233,40010000,,,,02 000000,,
;0400000000004012,40002000,,,,02 000000,,
;0400000000004038,40002000,,,,02 000000,,
;0400000000004060,40001000,,,,02 000000,,
;0400000000004023,40001000,,,,02 000000,,
;05000000043000
;030,14,00000000000000000,220301,220302,,,,9140         ,,
;0400000000010205,40006000,,,,02 000000,,
;0400000000010288,40002000,,,,02 000000,,
;0400000000010501,40002000,,,,02 000000,,
;0400000000010686,40010000,,,,02 000000,,
;0400000000011100,40001000,,,,02 000000,,
;0400000000011117,40004000,,,,02 000000,,
;0400000000011164,40002000,,,,02 000000,,
;0400000000011165,40001000,,,,02 000000,,
;0400000000011186,40002000,,,,02 000000,,
;0400000000011187,40001000,,,,02 000000,,
;0400000000011354,40006000,,,,02 000000,,
;0400000000011397,40002000,,,,02 000000,,
;0400000000011658,40002000,,,,02 000000,,
;0400000000011820,40002000,,,,02 000000,,
;0400000000011922,40002000,,,,02 000000,,
;0400000000011988,40002000,,,,02 000000,,
;0400000000014281,40001000,,,,02 000000,,
;0400000000014282,40001000,,,,02 000000,,
;0400000000014283,40001000,,,,02 000000,,
;0400000000014670,40001000,,,,02 000000,,
;0400000000014672,40001000,,,,02 000000,,
;0400000000014673,40001000,,,,02 000000,,
;0400000000014755,40004000,,,,02 000000,,
;05000000057000
;030,14,00000000000000000,220301,220302,,,,3714         ,,
;0400000000007006,40002000,,,,02 000000,,
;0400000000001073,40003000,,,,02 000000,,
;0400000000001077,40008000,,,,02 000000,,
;0400000000000241,40005000,,,,02 000000,,
;0400000000000243,40005000,,,,02 000000,,
;0400000000000252,40005000,,,,02 000000,,
;0400000000000378,40001000,,,,02 000000,,
;0400000000000379,40001000,,,,02 000000,,
;0400000000000385,40002000,,,,02 000000,,
;0400000000000233,40006000,,,,02 000000,,
;0400000000004012,40001000,,,,02 000000,,
;0400000000004060,40001000,,,,02 000000,,
;0400000000004023,40001000,,,,02 000000,,
;05000000041000
;030,14,00000000000000000,220301,220302,,,,9170         ,,
;0400000000010692,40001000,,,,02 000000,,
;0400000000014680,40001000,,,,02 000000,,
;0400000000015261,40001000,,,,02 000000,,
;05000000003000
;030,14,00000000000000000,220301,220302,,,,3773         ,,
;0400000000007006,40003000,,,,02 000000,,
;0400000000000241,40005000,,,,02 000000,,
;0400000000000243,40005000,,,,02 000000,,
;0400000000000252,40005000,,,,02 000000,,
;0400000000000378,40001000,,,,02 000000,,
;0400000000000379,40002000,,,,02 000000,,
;0400000000000385,40001000,,,,02 000000,,
;0400000000004012,40001000,,,,02 000000,,
;0400000000004038,40001000,,,,02 000000,,
;0400000000004060,40001000,,,,02 000000,,
;05000000025000
;030,14,00000000000000000,220301,220302,,,,9195         ,,
;0400000000010501,40001000,,,,02 000000,,
;0400000000011125,40001000,,,,02 000000,,
;0400000000011129,40001000,,,,02 000000,,
;0400000000011179,40001000,,,,02 000000,,
;0400000000011354,40010000,,,,02 000000,,
;0400000000011397,40001000,,,,02 000000,,
;0400000000011658,40002000,,,,02 000000,,
;0400000000011820,40004000,,,,02 000000,,
;05000000021000
;030,14,00000000000000000,220301,220302,,,,3864         ,,
;0400000000007006,40004000,,,,02 000000,,
;0400000000000311,40001000,,,,02 000000,,
;0400000000000318,40001000,,,,02 000000,,
;0400000000000241,40008000,,,,02 000000,,
;0400000000000243,40007000,,,,02 000000,,
;0400000000000252,40006000,,,,02 000000,,
;0400000000000378,40002000,,,,02 000000,,
;0400000000000379,40001000,,,,02 000000,,
;0400000000000385,40001000,,,,02 000000,,
;0400000000004012,40001000,,,,02 000000,,
;0400000000004038,40001000,,,,02 000000,,
;0400000000004060,40001000,,,,02 000000,,
;0400000000004023,40001000,,,,02 000000,,
;05000000035000
;030,14,00000000000000000,220301,220302,,,,9214         ,,
;0400000000015015,40002000,,,,02 000000,,
;05000000002000
;030,14,00000000000000000,220301,220302,,,,3876         ,,
;0400000000000318,40001000,,,,02 000000,,
;0400000000001077,40015000,,,,02 000000,,
;0400000000000241,40016000,,,,02 000000,,
;0400000000000243,40016000,,,,02 000000,,
;0400000000000252,40006000,,,,02 000000,,
;0400000000000378,40001000,,,,02 000000,,
;0400000000000379,40003000,,,,02 000000,,
;0400000000000385,40003000,,,,02 000000,,
;0400000000000233,40010000,,,,02 000000,,
;0400000000000235,40010000,,,,02 000000,,
;0400000000004012,40002000,,,,02 000000,,
;0400000000004038,40001000,,,,02 000000,,
;0400000000004060,40001000,,,,02 000000,,
;05000000085000
;030,14,00000000000000000,220301,220302,,,,9144         ,,
;0400000000010501,40001000,,,,02 000000,,
;0400000000010686,40004000,,,,02 000000,,
;0400000000011354,40006000,,,,02 000000,,
;0400000000011397,40001000,,,,02 000000,,
;0400000000011820,40001000,,,,02 000000,,
;0400000000011922,40001000,,,,02 000000,,
;0400000000011925,40001000,,,,02 000000,,
;0400000000011960,40001000,,,,02 000000,,
;0400000000011973,40001000,,,,02 000000,,
;0400000000011997,40001000,,,,02 000000,,
;0400000000012034,40001000,,,,02 000000,,
;0400000000012049,40001000,,,,02 000000,,
;05000000020000
;030,14,00000000000000000,220301,220302,,,,3723         ,,
;0400000000001077,40010000,,,,02 000000,,
;0400000000000241,40006000,,,,02 000000,,
;0400000000000243,40006000,,,,02 000000,,
;0400000000000252,40002000,,,,02 000000,,
;0400000000000378,40001000,,,,02 000000,,
;0400000000000379,40002000,,,,02 000000,,
;0400000000000385,40004000,,,,02 000000,,
;0400000000000233,40010000,,,,02 000000,,
;0400000000000235,40010000,,,,02 000000,,
;0400000000004023,40001000,,,,02 000000,,
;05000000052000
;030,14,00000000000000000,220301,220302,,,,9145         ,,
;0400000000010501,40001000,,,,02 000000,,
;0400000000010540,40001000,,,,02 000000,,
;0400000000011125,40001000,,,,02 000000,,
;0400000000011164,40001000,,,,02 000000,,
;0400000000011186,40002000,,,,02 000000,,
;0400000000011187,40001000,,,,02 000000,,
;0400000000011820,40005000,,,,02 000000,,
;0400000000012038,40001000,,,,02 000000,,
;05000000013000
;030,14,00000000000000000,220301,220302,,,,3725         ,,
;0400000000007006,40004000,,,,02 000000,,
;0400000000000311,40002000,,,,02 000000,,
;0400000000000318,40002000,,,,02 000000,,
;0400000000001077,40008000,,,,02 000000,,
;0400000000000241,40010000,,,,02 000000,,
;0400000000000243,40010000,,,,02 000000,,
;0400000000000252,40008000,,,,02 000000,,
;0400000000000378,40001000,,,,02 000000,,
;0400000000000379,40002000,,,,02 000000,,
;0400000000000385,40001000,,,,02 000000,,
;0400000000004012,40001000,,,,02 000000,,
;0400000000004038,40001000,,,,02 000000,,
;0400000000004060,40001000,,,,02 000000,,
;0400000000004023,40001000,,,,02 000000,,
;05000000052000
;030,14,00000000000000000,220301,220302,,,,9134         ,,
;0400000000010627,40001000,,,,02 000000,,
;0400000000011179,40002000,,,,02 000000,,
;0400000000011186,40004000,,,,02 000000,,
;0400000000011187,40003000,,,,02 000000,,
;0400000000011522,40001000,,,,02 000000,,
;0400000000011820,40003000,,,,02 000000,,
;0400000000011988,40002000,,,,02 000000,,
;0400000000012056,40004000,,,,02 000000,,
;0400000000014282,40003000,,,,02 000000,,
;0400000000014283,40003000,,,,02 000000,,
;0400000000014452,40001000,,,,02 000000,,
;0400000000014670,40002000,,,,02 000000,,
;0400000000014673,40002000,,,,02 000000,,
;0400000000014755,40005000,,,,02 000000,,
;0400000000015022,40003000,,,,02 000000,,
;0400000000015032,40001000,,,,02 000000,,
;0400000000015093,40001000,,,,02 000000,,
;0400000000015111,40003000,,,,02 000000,,
;0400000000015115,40003000,,,,02 000000,,
;0400000000015180,40004000,,,,02 000000,,
;0400000000015238,40001000,,,,02 000000,,
;0400000000015239,40001000,,,,02 000000,,
;0400000000015240,40001000,,,,02 000000,,
;0400000000015272,40010000,,,,02 000000,,
;0400000000015305,40003000,,,,02 000000,,
;0400000000015323,40003000,,,,02 000000,,
;05000000070000
;030,14,00000000000000000,220301,220302,,,,1311         ,,
;0400000000000311,40002000,,,,02 000000,,
;0400000000000318,40001000,,,,02 000000,,
;0400000000000241,40008000,,,,02 000000,,
;0400000000000243,40008000,,,,02 000000,,
;0400000000000252,40005000,,,,02 000000,,
;0400000000000378,40001000,,,,02 000000,,
;0400000000000379,40001000,,,,02 000000,,
;0400000000000233,40005000,,,,02 000000,,
;0400000000004012,40001000,,,,02 000000,,
;0400000000004060,40001000,,,,02 000000,,
;05000000033000
;030,14,00000000000000000,220301,220302,,,,9099         ,,
;0400000000010207,40001000,,,,02 000000,,
;0400000000010250,40001000,,,,02 000000,,
;0400000000010614,40001000,,,,02 000000,,
;0400000000010801,40001000,,,,02 000000,,
;0400000000010811,40001000,,,,02 000000,,
;0400000000011305,40001000,,,,02 000000,,
;0400000000011932,40003000,,,,02 000000,,
;0400000000012218,40001000,,,,02 000000,,
;05000000010000
;030,14,00000000000000000,220301,220302,,,,1307         ,,
;0400000000007006,40010000,,,,02 000000,,
;0400000000000311,40003000,,,,02 000000,,
;0400000000000318,40002000,,,,02 000000,,
;0400000000001073,40010000,,,,02 000000,,
;0400000000001077,40010000,,,,02 000000,,
;0400000000000241,40015000,,,,02 000000,,
;0400000000000243,40015000,,,,02 000000,,
;0400000000000252,40005000,,,,02 000000,,
;0400000000000378,40001000,,,,02 000000,,
;0400000000000379,40001000,,,,02 000000,,
;0400000000000385,40002000,,,,02 000000,,
;0400000000000235,40010000,,,,02 000000,,
;0400000000004012,40002000,,,,02 000000,,
;0400000000004060,40001000,,,,02 000000,,
;0400000000004023,40001000,,,,02 000000,,
;05000000088000
;030,14,00000000000000000,220301,220302,,,,9147         ,,
;0400000000010430,40001000,,,,02 000000,,
;0400000000011397,40001000,,,,02 000000,,
;0400000000011415,40001000,,,,02 000000,,
;0400000000011922,40001000,,,,02 000000,,
;0400000000011928,40002000,,,,02 000000,,
;05000000006000
;030,14,00000000000000000,220301,220302,,,,3878         ,,
;0400000000001077,40010000,,,,02 000000,,
;0400000000000241,40005000,,,,02 000000,,
;0400000000000243,40005000,,,,02 000000,,
;0400000000000252,40003000,,,,02 000000,,
;0400000000000379,40001000,,,,02 000000,,
;0400000000004060,40001000,,,,02 000000,,
;0400000000004023,40002000,,,,02 000000,,
;05000000027000
;030,14,00000000000000000,220301,220302,,,,9148         ,,
;0400000000010430,40001000,,,,02 000000,,
;0400000000010501,40001000,,,,02 000000,,
;0400000000010540,40001000,,,,02 000000,,
;0400000000011928,40002000,,,,02 000000,,
;05000000005000
;030,14,00000000000000000,220301,220302,,,,3731         ,,
;0400000000001073,40005000,,,,02 000000,,
;0400000000001077,40020000,,,,02 000000,,
;0400000000000241,40012000,,,,02 000000,,
;0400000000000243,40012000,,,,02 000000,,
;0400000000000378,40001000,,,,02 000000,,
;0400000000000379,40001000,,,,02 000000,,
;0400000000000385,40001000,,,,02 000000,,
;0400000000000235,40006000,,,,02 000000,,
;0400000000004012,40002000,,,,02 000000,,
;0400000000004038,40001000,,,,02 000000,,
;0400000000004023,40001000,,,,02 000000,,
;05000000062000
;030,14,00000000000000000,220301,220302,,,,9155         ,,
;0400000000010275,40001000,,,,02 000000,,
;0400000000011100,40001000,,,,02 000000,,
;0400000000011117,40002000,,,,02 000000,,
;0400000000011160,40001000,,,,02 000000,,
;0400000000011820,40001000,,,,02 000000,,
;0400000000011922,40001000,,,,02 000000,,
;0400000000011929,40001000,,,,02 000000,,
;0400000000011932,40001000,,,,02 000000,,
;0400000000014052,40001000,,,,02 000000,,
;0400000000014282,40002000,,,,02 000000,,
;0400000000014283,40002000,,,,02 000000,,
;0400000000015057,40001000,,,,02 000000,,
;0400000000015111,40002000,,,,02 000000,,
;0400000000015180,40002000,,,,02 000000,,
;0400000000015288,40002000,,,,02 000000,,
;0400000000015299,40001000,,,,02 000000,,
;0400000000015305,40002000,,,,02 000000,,
;05000000024000
;030,14,00000000000000000,220301,220302,,,,3745         ,,
;0400000000001077,40006000,,,,02 000000,,
;0400000000000241,40004000,,,,02 000000,,
;0400000000000243,40004000,,,,02 000000,,
;0400000000000252,40005000,,,,02 000000,,
;0400000000000378,40001000,,,,02 000000,,
;0400000000000379,40001000,,,,02 000000,,
;0400000000004012,40001000,,,,02 000000,,
;0400000000004038,40001000,,,,02 000000,,
;0400000000004060,40001000,,,,02 000000,,
;05000000024000
;030,14,00000000000000000,220301,220302,,,,9166         ,,
;0400000000015180,40002000,,,,02 000000,,
;0400000000015181,40001000,,,,02 000000,,
;05000000003000
;030,14,00000000000000000,220301,220302,,,,3879         ,,
;0400000000000241,40003000,,,,02 000000,,
;0400000000000243,40003000,,,,02 000000,,
;0400000000000252,40003000,,,,02 000000,,
;0400000000000378,40001000,,,,02 000000,,
;0400000000000379,40001000,,,,02 000000,,
;0400000000000385,40001000,,,,02 000000,,
;0400000000000233,40006000,,,,02 000000,,
;0400000000004012,40001000,,,,02 000000,,
;0400000000004038,40001000,,,,02 000000,,
;05000000020000
;030,14,00000000000000000,220301,220302,,,,9178         ,,
;0400000000010205,40004000,,,,02 000000,,
;0400000000010686,40001000,,,,02 000000,,
;0400000000011117,40004000,,,,02 000000,,
;0400000000011354,40004000,,,,02 000000,,
;0400000000011922,40002000,,,,02 000000,,
;0400000000011929,40001000,,,,02 000000,,
;0400000000011932,40001000,,,,02 000000,,
;0400000000015180,40001000,,,,02 000000,,
;05000000018000
;030,14,00000000000000000,220301,220302,,,,3795         ,,
;0400000000007006,40003000,,,,02 000000,,
;0400000000000311,40001000,,,,02 000000,,
;0400000000000318,40001000,,,,02 000000,,
;0400000000001077,40010000,,,,02 000000,,
;0400000000000241,40005000,,,,02 000000,,
;0400000000000243,40005000,,,,02 000000,,
;0400000000000252,40004000,,,,02 000000,,
;0400000000000378,40001000,,,,02 000000,,
;0400000000000379,40001000,,,,02 000000,,
;0400000000000235,40010000,,,,02 000000,,
;0400000000004060,40001000,,,,02 000000,,
;05000000042000
;030,14,00000000000000000,220301,220302,,,,3800         ,,
;0400000000007006,40001000,,,,02 000000,,
;0400000000000311,40001000,,,,02 000000,,
;0400000000000318,40001000,,,,02 000000,,
;0400000000001077,40005000,,,,02 000000,,
;0400000000000241,40006000,,,,02 000000,,
;0400000000000243,40006000,,,,02 000000,,
;0400000000000252,40005000,,,,02 000000,,
;0400000000000378,40001000,,,,02 000000,,
;0400000000000379,40001000,,,,02 000000,,
;0400000000000385,40002000,,,,02 000000,,
;0400000000000235,40005000,,,,02 000000,,
;0400000000004012,40001000,,,,02 000000,,
;0400000000004038,40001000,,,,02 000000,,
;0400000000004060,40001000,,,,02 000000,,
;05000000037000
;030,14,00000000000000000,220301,220302,,,,9181         ,,
;0400000000011117,40004000,,,,02 000000,,
;0400000000011354,40001000,,,,02 000000,,
;0400000000011929,40001000,,,,02 000000,,
;0400000000014052,40001000,,,,02 000000,,
;0400000000014281,40001000,,,,02 000000,,
;0400000000014282,40001000,,,,02 000000,,
;0400000000014283,40001000,,,,02 000000,,
;0400000000015111,40001000,,,,02 000000,,
;05000000011000
;030,14,00000000000000000,220301,220302,,,,3802         ,,
;0400000000007006,40001000,,,,02 000000,,
;0400000000001077,40006000,,,,02 000000,,
;0400000000000241,40004000,,,,02 000000,,
;0400000000000243,40004000,,,,02 000000,,
;0400000000000252,40003000,,,,02 000000,,
;0400000000000378,40001000,,,,02 000000,,
;0400000000000379,40001000,,,,02 000000,,
;0400000000000385,40001000,,,,02 000000,,
;0400000000000233,40003000,,,,02 000000,,
;0400000000000235,40003000,,,,02 000000,,
;0400000000004012,40001000,,,,02 000000,,
;0400000000004023,40001000,,,,02 000000,,
;05000000029000
;030,14,00000000000000000,220301,220302,,,,3804         ,,
;0400000000007006,40003000,,,,02 000000,,
;0400000000000311,40001000,,,,02 000000,,
;0400000000000318,40001000,,,,02 000000,,
;0400000000001077,40010000,,,,02 000000,,
;0400000000000241,40007000,,,,02 000000,,
;0400000000000243,40007000,,,,02 000000,,
;0400000000000252,40006000,,,,02 000000,,
;0400000000000378,40001000,,,,02 000000,,
;0400000000000379,40001000,,,,02 000000,,
;0400000000000385,40001000,,,,02 000000,,
;0400000000000233,40008000,,,,02 000000,,
;0400000000000235,40015000,,,,02 000000,,
;0400000000004012,40001000,,,,02 000000,,
;0400000000004038,40001000,,,,02 000000,,
;0400000000004060,40002000,,,,02 000000,,
;05000000065000
;030,14,00000000000000000,220301,220302,,,,9185         ,,
;0400000000011820,40002000,,,,02 000000,,
;0400000000011922,40001000,,,,02 000000,,
;0400000000011929,40001000,,,,02 000000,,
;05000000004000
;030,14,00000000000000000,220301,220302,,,,3812         ,,
;0400000000000241,40002000,,,,02 000000,,
;0400000000000243,40002000,,,,02 000000,,
;0400000000000252,40005000,,,,02 000000,,
;0400000000000378,40002000,,,,02 000000,,
;0400000000000379,40001000,,,,02 000000,,
;0400000000000385,40002000,,,,02 000000,,
;0400000000004012,40001000,,,,02 000000,,
;0400000000004038,40001000,,,,02 000000,,
;0400000000004023,40001000,,,,02 000000,,
;05000000017000
;030,14,00000000000000000,220301,220302,,,,9186         ,,
;0400000000011354,40002000,,,,02 000000,,
;0400000000011820,40002000,,,,02 000000,,
;0400000000011922,40001000,,,,02 000000,,
;0400000000011929,40001000,,,,02 000000,,
;0400000000015323,40001000,,,,02 000000,,
;05000000007000
;030,14,00000000000000000,220301,220302,,,,3815         ,,
;0400000000000241,40004000,,,,02 000000,,
;0400000000000243,40004000,,,,02 000000,,
;0400000000000252,40008000,,,,02 000000,,
;0400000000000378,40001000,,,,02 000000,,
;0400000000000379,40001000,,,,02 000000,,
;0400000000000385,40001000,,,,02 000000,,
;0400000000004012,40001000,,,,02 000000,,
;0400000000004038,40001000,,,,02 000000,,
;05000000021000
;030,14,00000000000000000,220301,220302,,,,9196         ,,
;0400000000014281,40001000,,,,02 000000,,
;0400000000014282,40003000,,,,02 000000,,
;05000000004000
;030,14,00000000000000000,220301,220302,,,,3866         ,,
;0400000000007006,40003000,,,,02 000000,,
;0400000000001077,40015000,,,,02 000000,,
;0400000000000241,40011000,,,,02 000000,,
;0400000000000243,40011000,,,,02 000000,,
;0400000000000252,40005000,,,,02 000000,,
;0400000000000378,40002000,,,,02 000000,,
;0400000000000379,40002000,,,,02 000000,,
;0400000000000385,40002000,,,,02 000000,,
;0400000000000233,40010000,,,,02 000000,,
;0400000000000235,40010000,,,,02 000000,,
;0400000000004012,40001000,,,,02 000000,,
;0400000000004038,40001000,,,,02 000000,,
;05000000073000
;030,14,00000000000000000,220301,220302,,,,9197         ,,
;0400000000010690,40002000,,,,02 000000,,
;0400000000011117,40002000,,,,02 000000,,
;0400000000011125,40001000,,,,02 000000,,
;0400000000011929,40001000,,,,02 000000,,
;0400000000011932,40001000,,,,02 000000,,
;0400000000014804,40001000,,,,02 000000,,
;0400000000015057,40002000,,,,02 000000,,
;0400000000015098,40002000,,,,02 000000,,
;05000000012000
;030,14,00000000000000000,220301,220302,,,,3867         ,,
;0400000000000241,40002000,,,,02 000000,,
;0400000000000243,40002000,,,,02 000000,,
;0400000000000252,40002000,,,,02 000000,,
;0400000000000378,40001000,,,,02 000000,,
;0400000000000233,40004000,,,,02 000000,,
;0400000000004038,40001000,,,,02 000000,,
;05000000012000
;030,14,00000000000000000,220301,220302,,,,9198         ,,
;0400000000010205,40001000,,,,02 000000,,
;0400000000010255,40001000,,,,02 000000,,
;0400000000010288,40001000,,,,02 000000,,
;0400000000010430,40002000,,,,02 000000,,
;0400000000010501,40001000,,,,02 000000,,
;0400000000010627,40001000,,,,02 000000,,
;0400000000010687,40004000,,,,02 000000,,
;0400000000011117,40002000,,,,02 000000,,
;0400000000011354,40006000,,,,02 000000,,
;0400000000011397,40001000,,,,02 000000,,
;0400000000011929,40001000,,,,02 000000,,
;0400000000011988,40001000,,,,02 000000,,
;0400000000012049,40001000,,,,02 000000,,
;0400000000012966,40004000,,,,02 000000,,
;0400000000015004,40001000,,,,02 000000,,
;0400000000015111,40002000,,,,02 000000,,
;0400000000015180,40002000,,,,02 000000,,
;05000000032000
;030,14,00000000000000000,220301,220302,,,,3868         ,,
;0400000000000311,40001000,,,,02 000000,,
;0400000000001077,40008000,,,,02 000000,,
;0400000000000241,40007000,,,,02 000000,,
;0400000000000243,40007000,,,,02 000000,,
;0400000000000252,40004000,,,,02 000000,,
;0400000000000378,40001000,,,,02 000000,,
;0400000000000379,40001000,,,,02 000000,,
;0400000000000233,40010000,,,,02 000000,,
;0400000000000235,40015000,,,,02 000000,,
;0400000000004038,40001000,,,,02 000000,,
;0400000000004060,40001000,,,,02 000000,,
;0400000000004023,40001000,,,,02 000000,,
;05000000057000
;030,14,00000000000000000,220301,220302,,,,9199         ,,
;0400000000010430,40001000,,,,02 000000,,
;0400000000010501,40002000,,,,02 000000,,
;0400000000010540,40002000,,,,02 000000,,
;0400000000011125,40003000,,,,02 000000,,
;0400000000011397,40002000,,,,02 000000,,
;0400000000011820,40002000,,,,02 000000,,
;0400000000011922,40002000,,,,02 000000,,
;0400000000011928,40002000,,,,02 000000,,
;05000000016000
;030,14,00000000000000000,220301,220302,,,,3869         ,,
;0400000000007006,40002000,,,,02 000000,,
;0400000000000311,40001000,,,,02 000000,,
;0400000000000318,40001000,,,,02 000000,,
;0400000000000241,40007000,,,,02 000000,,
;0400000000000243,40007000,,,,02 000000,,
;0400000000000252,40002000,,,,02 000000,,
;0400000000000378,40001000,,,,02 000000,,
;0400000000000379,40001000,,,,02 000000,,
;0400000000000385,40001000,,,,02 000000,,
;0400000000000235,40010000,,,,02 000000,,
;0400000000004012,40001000,,,,02 000000,,
;0400000000004038,40001000,,,,02 000000,,
;0400000000004060,40001000,,,,02 000000,,
;0400000000004023,40001000,,,,02 000000,,
;05000000037000
;030,14,00000000000000000,220301,220302,,,,9204         ,,
;0400000000011117,40004000,,,,02 000000,,
;0400000000011179,40001000,,,,02 000000,,
;0400000000011186,40004000,,,,02 000000,,
;0400000000011187,40004000,,,,02 000000,,
;0400000000011522,40001000,,,,02 000000,,
;0400000000011932,40002000,,,,02 000000,,
;0400000000012056,40001000,,,,02 000000,,
;0400000000014052,40001000,,,,02 000000,,
;0400000000014281,40001000,,,,02 000000,,
;0400000000014283,40001000,,,,02 000000,,
;0400000000014505,40001000,,,,02 000000,,
;0400000000014685,40001000,,,,02 000000,,
;0400000000015022,40001000,,,,02 000000,,
;0400000000015111,40002000,,,,02 000000,,
;0400000000015288,40003000,,,,02 000000,,
;05000000028000
;030,14,00000000000000000,220301,220302,,,,3908         ,,
;0400000000007006,40002000,,,,02 000000,,
;0400000000000311,40001000,,,,02 000000,,
;0400000000000318,40001000,,,,02 000000,,
;0400000000001077,40015000,,,,02 000000,,
;0400000000000241,40005000,,,,02 000000,,
;0400000000000243,40005000,,,,02 000000,,
;0400000000000252,40005000,,,,02 000000,,
;0400000000000378,40001000,,,,02 000000,,
;0400000000000379,40001000,,,,02 000000,,
;0400000000000385,40002000,,,,02 000000,,
;0400000000000233,40005000,,,,02 000000,,
;0400000000000235,40010000,,,,02 000000,,
;0400000000004012,40002000,,,,02 000000,,
;0400000000004038,40001000,,,,02 000000,,
;0400000000004023,40001000,,,,02 000000,,
;05000000057000
;030,14,00000000000000000,220301,220302,,,,9206         ,,
;0400000000010205,40008000,,,,02 000000,,
;0400000000010501,40001000,,,,02 000000,,
;0400000000011397,40001000,,,,02 000000,,
;0400000000011922,40002000,,,,02 000000,,
;0400000000011929,40001000,,,,02 000000,,
;0400000000014505,40001000,,,,02 000000,,
;0400000000014673,40001000,,,,02 000000,,
;0400000000014755,40002000,,,,02 000000,,
;0400000000015022,40001000,,,,02 000000,,
;0400000000015111,40001000,,,,02 000000,,
;05000000019000
;030,14,00000000000000000,220301,220302,,,,3912         ,,
;0400000000001077,40008000,,,,02 000000,,
;0400000000000241,40005000,,,,02 000000,,
;0400000000000243,40005000,,,,02 000000,,
;0400000000000252,40004000,,,,02 000000,,
;0400000000000378,40001000,,,,02 000000,,
;0400000000000379,40001000,,,,02 000000,,
;0400000000000385,40001000,,,,02 000000,,
;0400000000004038,40001000,,,,02 000000,,
;0400000000004023,40001000,,,,02 000000,,
;05000000027000
;030,14,00000000000000000,220301,220302,,,,9207         ,,
;0400000000010501,40002000,,,,02 000000,,
;0400000000011117,40010000,,,,02 000000,,
;0400000000011125,40001000,,,,02 000000,,
;0400000000011397,40004000,,,,02 000000,,
;0400000000011658,40003000,,,,02 000000,,
;0400000000011820,40003000,,,,02 000000,,
;0400000000011928,40007000,,,,02 000000,,
;0400000000011929,40001000,,,,02 000000,,
;0400000000011932,40001000,,,,02 000000,,
;05000000032000
;030,14,00000000000000000,220301,220302,,,,3914         ,,
;0400000000000311,40002000,,,,02 000000,,
;0400000000000318,40002000,,,,02 000000,,
;0400000000001077,40010000,,,,02 000000,,
;0400000000000241,40009000,,,,02 000000,,
;0400000000000243,40010000,,,,02 000000,,
;0400000000000252,40010000,,,,02 000000,,
;0400000000000378,40001000,,,,02 000000,,
;0400000000000379,40001000,,,,02 000000,,
;0400000000000235,40020000,,,,02 000000,,
;0400000000004012,40001000,,,,02 000000,,
;0400000000004038,40001000,,,,02 000000,,
;0400000000004060,40001000,,,,02 000000,,
;0400000000004023,40001000,,,,02 000000,,
;05000000069000
;030,14,00000000000000000,220301,220302,,,,9208         ,,
;0400000000010501,40001000,,,,02 000000,,
;0400000000011117,40003000,,,,02 000000,,
;0400000000011179,40001000,,,,02 000000,,
;0400000000011354,40002000,,,,02 000000,,
;0400000000011820,40003000,,,,02 000000,,
;0400000000011922,40001000,,,,02 000000,,
;0400000000012049,40001000,,,,02 000000,,
;0400000000012055,40001000,,,,02 000000,,
;0400000000012056,40001000,,,,02 000000,,
;0400000000014282,40001000,,,,02 000000,,
;0400000000014673,40001000,,,,02 000000,,
;0400000000014755,40001000,,,,02 000000,,
;05000000017000
;030,14,00000000000000000,220301,220302,,,,3916         ,,
;0400000000007006,40002000,,,,02 000000,,
;0400000000000311,40001000,,,,02 000000,,
;0400000000000318,40001000,,,,02 000000,,
;0400000000001077,40008000,,,,02 000000,,
;0400000000000241,40004000,,,,02 000000,,
;0400000000000243,40003000,,,,02 000000,,
;0400000000000252,40006000,,,,02 000000,,
;0400000000000378,40001000,,,,02 000000,,
;0400000000000379,40001000,,,,02 000000,,
;0400000000000385,40001000,,,,02 000000,,
;0400000000000235,40010000,,,,02 000000,,
;0400000000004012,40001000,,,,02 000000,,
;0400000000004038,40001000,,,,02 000000,,
;0400000000004060,40001000,,,,02 000000,,
;05000000041000
;06117,1221
;07000000,00001,00001,000000,(
                                                                                    
